116 101 75 113 80 122 78 74 118 103 75 89 4 105 81 65 115 2 105 121 115 75 75 121 70 83 88 120 4 6 2 5 72 1 74 76 3 75 85 112 3 69 1 2 88 117 5 120 105 4 
97 3 122 6 112 6 65 87 6 107 75 81 4 3 69 2 104 84 104 4 6 103 69 69 112 5 122 110 77 88 77 115 87 5 2 
117 5 105 5 81 
102 105 79 84 83 120 118 3 73 6 73 98 110 75 
98 87 75 86 117 6 108 115 106 114 83 
4 66 2 79 69 3 107 5 81 120 101 66 4 4 
5 117 90 101 117 3 4 2 112 2 109 90 5 84 83 4 73 114 80 111 4 78 1 3 72 1 81 99 83 99 70 2 119 113 108 122 3 104 119 79 98 80 101 2 2 105 6 79 5 
110 86 2 5 
115 1 69 111 81 78 6 4 122 2 1 110 87 74 1 116 115 67 90 121 1 87 112 100 81 69 84 77 81 114 66 2 71 71 3 102 100 65 69 82 83 1 101 120 3 6 6 
67 120 89 69 90 112 66 3 82 80 101 75 4 5 117 4 121 100 6 82 2 110 4 
1 72 112 6 4 90 102 77 6 2 71 77 117 83 75 97 3 72 114 4 3 
110 97 118 2 3 6 6 101 3 69 120 6 1 80 86 84 101 75 121 111 116 109 4 3 85 70 
81 119 6 4 2 101 69 66 104 69 
4 88 3 89 5 89 69 2 120 120 3 114 4 67 1 98 4 2 111 2 99 117 98 5 104 4 4 101 106 107 1 90 84 99 89 90 73 109 90 119 6 104 98 4 67 67 87 6 
4 98 65 111 5 89 90 104 1 5 
69 2 4 74 83 99 5 97 87 2 99 109 67 114 90 100 2 72 88 103 83 88 6 6 70 75 106 119 113 76 65 67 5 118 120 5 100 3 4 65 103 4 112 90 79 73 4 
66 5 122 4 88 77 118 1 5 107 86 75 1 1 79 85 3 2 113 84 5 88 106 2 3 114 111 3 84 102 5 97 6 1 86 86 103 122 105 
86 5 4 71 117 3 70 2 112 6 107 116 85 
105 5 6 104 77 3 4 118 2 109 6 85 1 67 116 110 103 114 
109 82 78 6 79 82 76 98 4 107 113 84 114 3 89 109 4 88 68 99 75 1 4 5 1 2 87 77 85 2 6 2 1 
84 1 118 2 121 115 78 113 5 6 119 120 117 2 1 5 69 5 73 115 3 
88 6 2 66 74 1 112 120 76 1 87 118 2 80 72 113 3 4 116 3 74 1 111 88 107 70 101 3 97 80 117 5 102 3 119 86 2 81 117 6 80 116 3 103 67 6 85 1 75 
3 65 71 118 115 103 112 106 100 3 110 6 109 6 
80 105 5 120 88 112 6 6 3 80 103 87 2 72 6 117 114 107 6 108 4 83 6 108 104 85 1 90 113 6 113 70 106 4 2 83 109 2 3 
87 105 2 4 4 65 1 121 84 99 114 4 122 97 
5 5 4 4 2 1 108 106 73 3 
5 5 3 
108 106 69 98 100 118 121 115 4 3 87 78 3 2 109 4 70 84 78 106 121 5 99 4 75 4 5 105 6 99 3 103 72 4 114 5 112 66 5 
1 115 78 6 3 
3 108 85 88 5 103 5 108 118 6 81 112 6 103 1 111 88 99 90 71 72 97 5 90 85 110 73 87 68 107 70 3 88 69 113 5 2 73 86 90 83 
99 2 68 117 77 99 74 99 103 2 67 80 4 115 108 2 101 86 81 85 79 5 104 76 3 111 1 6 88 3 85 5 79 1 84 73 79 68 87 103 
2 5 102 122 1 3 5 1 81 
1 90 116 5 76 66 4 4 103 105 100 
110 1 70 3 117 68 69 1 6 70 116 73 119 2 
6 104 100 4 4 2 104 99 5 5 5 119 4 98 2 104 103 113 5 4 101 88 90 1 5 87 3 3 115 112 115 89 2 70 121 2 2 
72 82 72 
6 100 111 100 88 2 2 121 117 86 4 99 
2 107 100 6 68 97 78 4 4 105 69 70 120 4 
107 84 103 111 4 82 67 5 69 6 1 109 5 102 1 108 69 86 105 107 2 78 113 86 121 5 113 84 66 
104 6 2 88 4 100 4 2 87 120 70 6 83 119 1 74 6 
1 2 97 82 75 73 6 82 89 82 112 98 110 68 74 110 6 6 76 106 1 70 113 
104 1 117 4 6 70 108 77 70 101 86 77 105 73 121 79 6 2 74 98 117 114 80 65 69 67 101 105 5 90 86 67 81 5 1 2 122 74 5 105 78 66 2 
106 83 106 99 99 6 5 101 116 112 1 5 88 105 71 105 75 104 5 5 104 77 76 119 104 101 79 6 90 1 87 83 71 5 102 99 
106 97 68 2 110 6 82 1 76 5 100 71 109 66 1 113 111 107 85 81 73 73 2 6 108 1 72 5 100 90 81 85 88 6 5 101 81 
120 108 3 3 83 90 122 104 120 1 3 108 2 82 4 105 3 3 6 120 103 90 6 
104 120 4 89 75 81 114 80 119 83 116 90 105 117 1 6 97 74 69 121 84 106 111 2 106 86 5 66 70 1 1 1 5 118 68 118 6 6 111 
74 120 110 6 1 3 4 69 100 120 71 97 78 5 73 99 99 111 119 118 119 109 117 83 110 121 70 72 4 6 79 80 102 6 2 120 5 
73 71 109 104 119 72 1 77 6 112 79 120 97 2 81 99 89 84 81 2 114 73 77 85 72 1 105 83 115 6 6 2 1 120 107 68 97 117 73 1 1 74 84 120 
2 1 122 110 2 83 67 3 116 6 97 80 1 3 1 3 88 111 116 67 122 73 119 84 2 114 68 79 1 5 88 75 67 5 6 122 102 106 72 108 1 101 
65 70 5 1 102 73 5 2 106 115 83 80 72 2 6 5 6 89 2 71 98 6 118 1 122 106 2 106 109 2 86 120 67 79 114 2 102 65 78 78 67 108 80 
4 112 113 86 66 
5 115 1 100 99 122 103 75 74 4 78 101 90 1 71 99 78 2 
6 75 98 71 6 3 101 69 106 118 6 78 6 
120 65 84 5 5 117 99 6 67 80 118 84 
107 3 120 1 102 101 72 72 1 6 101 2 4 82 85 99 2 67 1 3 101 69 
1 101 102 89 108 6 69 2 111 90 2 112 3 1 65 2 111 117 107 3 118 103 97 87 71 3 3 71 4 4 107 2 90 99 5 70 118 90 78 2 4 
67 97 86 4 101 105 1 66 66 3 65 111 70 75 120 5 118 110 68 1 82 119 78 74 68 117 80 1 76 68 5 3 5 87 65 73 
69 114 120 113 81 76 100 98 108 104 115 67 80 113 79 120 82 3 117 102 86 90 97 6 69 3 70 89 
102 87 88 86 98 113 100 69 4 4 4 5 108 2 76 4 65 3 5 2 
4 121 103 104 3 75 
103 5 106 117 
86 81 120 4 79 82 97 6 1 75 88 3 1 118 71 83 85 115 4 5 120 104 72 3 4 70 1 68 2 6 75 121 72 110 74 4 74 109 87 4 114 3 
90 5 66 112 108 79 70 112 118 79 103 88 76 65 1 67 103 118 5 73 116 4 71 107 97 6 80 105 76 109 85 104 77 77 122 
66 66 5 6 1 75 74 1 82 103 82 1 82 121 111 86 5 5 121 5 78 2 103 113 102 121 4 120 66 97 73 1 5 1 81 67 103 3 6 3 74 1 
80 83 117 67 6 1 
1 5 4 98 121 104 112 104 85 5 87 70 80 72 70 72 74 122 121 84 5 6 73 4 6 
3 89 67 89 5 86 6 6 77 6 83 2 105 100 76 3 2 79 76 90 78 1 103 103 116 77 106 2 115 1 
89 109 5 3 100 100 6 82 79 65 65 117 99 83 90 1 75 119 113 3 79 100 109 75 5 118 102 6 105 4 4 4 110 72 
112 77 80 6 6 70 97 121 5 70 111 2 5 104 77 67 6 1 111 98 1 5 97 
75 76 77 82 108 87 72 81 4 2 3 2 65 5 122 2 75 81 102 100 70 98 1 65 74 100 1 2 67 3 117 77 5 117 114 97 97 86 2 
99 117 122 104 102 116 2 70 111 6 6 102 2 80 87 121 103 75 6 6 118 73 112 78 78 73 66 121 119 66 74 70 88 85 65 5 118 105 114 74 103 101 
111 103 111 100 67 113 5 117 1 88 1 4 72 6 5 3 71 6 98 4 5 118 86 103 84 77 119 72 101 65 108 75 120 122 106 71 
88 122 108 106 113 97 122 2 71 66 76 2 79 73 4 116 72 105 65 120 77 5 112 4 104 
97 2 116 1 104 5 106 111 6 73 5 5 112 1 112 101 108 85 88 2 4 87 112 4 98 68 5 100 4 115 113 79 99 87 
2 106 2 99 6 66 75 3 65 120 4 121 71 69 72 99 107 67 1 2 3 6 119 3 6 116 98 
82 2 4 4 103 3 5 2 71 113 104 1 107 2 107 3 74 69 5 4 3 80 110 
122 84 116 1 4 4 3 89 80 83 5 6 83 114 3 77 106 65 5 90 83 5 5 1 4 111 73 115 107 101 74 111 83 119 108 121 4 117 5 3 86 86 74 70 
84 72 113 99 114 74 6 5 106 80 107 87 1 5 88 81 100 80 85 87 2 69 79 73 119 103 5 101 79 83 104 5 3 3 
115 112 69 3 3 80 2 5 3 73 75 107 6 3 4 118 100 100 109 115 1 2 6 120 73 109 
84 6 122 119 106 99 72 69 5 75 122 99 65 85 65 3 121 6 98 4 121 4 3 1 
68 122 6 66 5 65 109 109 86 3 6 109 65 112 122 4 107 3 73 122 71 98 82 84 84 74 
3 3 1 4 111 1 76 72 79 5 5 
101 107 1 112 78 105 67 1 3 108 73 109 114 73 116 85 88 5 77 100 112 111 
68 73 70 1 4 99 83 2 111 1 4 89 2 109 76 86 71 3 88 90 4 79 4 87 4 4 4 3 1 81 106 115 6 6 112 4 79 106 4 120 3 66 75 65 88 111 119 
5 70 4 81 80 2 122 84 80 2 2 6 100 6 116 102 4 5 90 89 110 80 71 2 102 2 73 75 5 114 71 73 2 75 
120 78 114 109 106 1 108 99 70 5 114 114 98 84 6 86 2 122 75 79 2 122 100 121 4 86 3 86 85 113 104 112 90 6 83 115 116 107 68 4 
66 3 122 6 119 120 86 69 117 110 107 6 65 97 75 2 76 2 5 106 101 113 6 67 
100 108 98 80 107 2 5 2 2 75 4 65 88 3 114 66 76 2 89 1 98 3 111 86 104 86 
118 121 1 121 70 107 74 5 97 2 
82 88 5 1 85 84 90 107 103 106 100 65 111 4 5 81 72 66 122 105 5 6 90 89 5 66 
117 117 121 114 2 79 121 88 114 3 106 103 3 114 113 6 82 3 1 108 2 3 97 2 114 2 3 115 
101 111 112 85 1 114 5 3 120 122 73 68 113 1 1 3 3 88 5 3 112 106 101 87 2 110 1 4 66 66 3 
102 3 73 65 97 1 112 4 122 119 110 6 
76 108 79 105 6 78 101 85 86 2 75 83 3 67 6 116 73 81 77 75 102 6 6 102 76 70 79 101 4 68 114 3 89 1 88 100 117 98 98 2 6 1 68 87 5 1 120 5 
71 6 116 102 118 6 113 110 3 66 5 1 3 116 122 122 80 84 6 116 102 69 4 4 105 2 119 120 2 72 5 1 105 69 115 105 100 112 66 6 2 107 76 5 66 65 2 71 
1 104 117 75 106 5 5 3 71 107 2 100 6 4 74 84 75 83 99 84 85 112 6 105 67 
1 1 5 3 4 65 90 111 4 4 5 4 119 86 79 68 1 88 66 
71 83 70 101 89 111 4 117 87 112 118 3 119 80 87 68 120 4 68 82 71 89 70 100 90 98 111 1 113 110 73 116 2 106 1 90 120 82 5 3 4 3 5 5 115 69 117 66 121 
6 111 68 86 68 84 102 68 98 1 118 114 114 90 115 71 6 103 113 2 121 
6 114 116 2 120 117 72 6 112 6 117 99 104 70 65 2 
5 82 117 121 5 66 6 79 116 90 84 103 
100 1 117 106 78 3 70 66 101 90 3 4 5 4 68 87 104 89 118 101 103 
81 122 116 120 122 4 3 71 99 2 
67 109 81 3 119 6 90 79 97 5 1 2 73 74 86 6 3 86 79 6 6 
2 65 82 
116 113 68 81 2 103 69 98 70 3 83 86 79 100 119 119 1 116 97 2 79 2 75 6 5 85 1 106 6 
1 5 110 69 81 1 114 1 116 73 6 66 112 82 80 116 80 69 112 73 5 2 2 6 83 5 6 75 4 117 102 74 111 75 87 2 97 1 71 6 110 
97 77 78 83 119 78 4 6 122 3 5 119 68 83 107 105 6 2 86 90 1 5 99 106 75 
119 66 97 77 100 5 117 69 117 86 108 108 6 66 73 5 4 108 5 1 70 103 68 5 84 83 3 
81 99 90 80 86 5 86 1 3 65 6 3 109 1 118 80 117 113 107 101 2 109 
66 82 70 6 68 5 121 111 102 117 97 122 66 102 77 6 118 68 98 84 113 
70 6 103 5 113 101 79 122 85 68 1 84 6 105 69 103 83 100 111 106 3 67 76 104 76 71 
2 2 75 107 90 89 3 122 75 120 111 89 71 77 97 65 85 3 106 75 6 67 65 65 110 83 82 4 104 
3 120 115 4 99 66 117 68 117 88 2 3 6 1 5 6 4 102 1 101 106 81 100 102 4 3 6 113 90 118 
81 75 103 98 110 4 88 79 78 84 86 4 69 2 103 79 4 6 5 90 97 2 97 103 100 5 78 68 88 67 118 89 
66 114 2 70 5 74 109 6 98 3 79 108 118 1 82 66 103 117 6 117 77 77 5 67 83 5 6 3 90 119 116 1 107 116 99 3 88 
2 119 98 66 6 113 66 113 2 82 70 113 110 71 116 114 103 105 71 117 71 2 120 103 99 90 106 1 4 6 116 107 4 74 70 86 113 72 71 100 
106 65 73 110 119 118 5 120 68 2 1 83 109 112 4 82 121 102 116 5 6 65 4 5 1 78 3 4 77 114 3 106 74 120 68 79 2 87 3 1 4 6 
90 87 122 74 116 121 122 112 85 80 87 6 104 117 90 2 76 72 118 3 90 111 1 3 104 121 78 120 112 117 84 83 75 1 
5 2 80 88 67 111 77 73 3 6 71 105 114 3 5 102 68 106 89 5 86 118 70 78 5 3 104 71 110 122 73 72 121 2 118 73 4 1 110 5 
2 79 6 82 70 88 5 71 1 106 71 81 5 6 1 
120 115 81 89 4 3 4 104 4 122 114 75 5 3 101 97 2 112 5 75 81 3 5 102 73 68 72 118 1 71 116 3 88 1 3 68 
79 86 120 3 121 72 120 1 101 1 78 97 82 90 82 80 68 73 5 107 101 90 108 4 114 90 1 78 6 79 71 
100 2 5 75 119 1 77 
5 73 72 4 108 105 1 83 2 4 74 78 67 89 106 119 5 67 102 85 90 68 102 118 103 78 4 70 73 119 122 79 
2 105 108 4 2 98 80 72 90 115 113 85 4 112 111 4 4 6 112 
68 98 88 107 88 4 5 102 90 3 108 76 99 3 88 106 82 84 3 1 
99 69 105 103 79 99 102 104 1 108 5 66 76 102 5 80 74 
1 119 76 4 4 6 115 101 90 98 89 2 105 67 4 66 74 4 77 79 80 88 112 97 99 81 6 122 90 78 3 78 118 1 73 
1 114 6 87 65 82 5 121 99 6 6 
87 6 81 5 1 98 5 122 108 65 1 4 
88 111 4 85 5 6 71 2 117 77 79 77 109 97 88 6 65 109 101 2 1 4 86 105 6 4 2 1 83 98 101 118 113 77 117 
104 90 99 1 1 80 100 3 4 82 82 84 6 3 4 6 6 80 6 5 97 116 70 97 68 2 70 102 115 104 6 6 68 1 1 1 84 108 72 88 79 3 77 83 117 103 
2 2 120 118 115 4 66 111 6 6 70 119 70 1 86 5 3 86 5 6 3 85 5 117 111 99 87 110 67 3 79 3 67 
4 79 2 122 100 114 101 3 84 122 121 114 2 
68 4 113 121 85 6 73 3 110 66 70 81 108 99 104 98 98 118 82 102 118 4 114 1 103 2 78 88 90 73 97 75 76 112 1 3 3 5 112 74 101 5 121 6 
1 5 1 117 4 78 73 69 2 68 2 73 104 70 106 5 85 118 118 2 112 109 105 1 122 115 119 72 121 84 5 113 86 72 2 4 103 5 6 
108 2 74 111 90 67 1 77 2 79 67 99 111 1 78 86 1 6 4 78 3 101 113 118 111 109 66 102 71 75 83 81 70 4 80 5 114 109 87 3 4 118 4 80 3 113 
2 102 79 2 79 2 66 84 76 120 115 76 73 6 5 4 81 71 98 75 122 105 3 103 98 119 69 117 3 
4 4 101 87 100 87 72 3 100 5 111 102 98 104 5 80 114 81 78 2 74 1 115 83 
107 120 115 4 102 5 101 98 4 1 1 103 106 5 76 83 77 105 69 81 2 83 4 2 4 97 76 3 6 1 99 119 3 80 1 4 90 84 102 
69 5 82 75 67 2 80 6 3 2 5 71 77 104 71 2 2 102 3 5 104 119 78 120 122 105 115 121 66 111 3 66 72 114 83 113 79 83 98 78 69 6 102 5 1 1 79 
4 81 6 104 67 87 114 116 66 2 6 108 65 99 76 6 88 69 
90 121 90 112 87 114 5 3 90 84 87 109 114 97 88 6 112 4 111 120 88 4 111 2 80 69 73 84 68 73 1 66 85 109 116 1 6 113 5 
77 2 104 67 89 103 71 70 81 
99 102 102 83 68 102 100 106 2 74 66 117 66 87 4 5 3 4 1 114 104 86 1 101 4 
70 1 66 79 118 3 99 4 82 98 102 85 74 122 66 1 79 122 109 6 5 105 72 112 115 3 102 77 4 4 70 106 90 97 5 66 5 97 5 80 120 4 71 
106 117 100 90 121 118 3 4 116 109 3 121 112 78 76 117 89 4 2 82 6 98 114 73 101 75 3 68 109 2 72 105 109 121 3 1 6 104 114 66 68 118 85 4 74 5 
3 85 5 73 77 87 107 5 107 3 105 120 6 1 1 5 76 6 3 80 4 76 114 65 76 68 4 4 119 4 115 71 4 2 5 110 101 4 106 
6 118 1 113 114 104 104 6 120 114 70 117 1 71 3 1 6 66 68 66 
112 4 85 1 97 3 66 107 83 5 75 122 83 83 86 85 107 6 102 85 3 87 4 2 4 116 80 1 70 67 65 5 80 5 3 2 112 
82 105 1 3 98 122 81 3 75 4 101 99 105 88 76 4 121 101 4 3 102 4 67 3 98 108 101 89 111 98 
5 4 2 80 87 115 109 118 82 99 108 121 1 65 1 6 104 6 1 81 99 107 5 114 117 71 115 1 3 106 67 6 114 5 
3 89 84 74 89 98 3 3 66 69 75 3 97 77 72 67 81 110 2 1 2 
69 1 2 83 100 
6 66 106 1 85 118 84 65 106 110 98 109 2 90 78 72 4 6 5 2 100 6 121 85 115 88 90 4 6 101 4 75 77 3 98 66 89 77 71 100 72 68 
116 66 1 76 113 73 85 99 5 83 66 115 115 118 2 115 103 5 74 81 5 71 3 103 99 85 106 101 99 106 
1 4 6 118 87 6 1 67 1 108 111 72 5 86 3 100 2 66 104 86 6 107 1 99 65 111 84 81 3 3 2 84 1 76 78 77 3 
3 69 82 2 109 87 3 84 112 112 1 119 112 2 1 79 1 67 101 112 6 5 118 73 68 3 107 73 78 122 121 1 1 4 
104 5 87 119 90 68 100 1 71 104 76 98 119 5 107 119 108 116 3 83 5 79 102 122 103 4 99 117 67 103 74 70 5 121 2 2 3 121 82 75 70 73 65 
78 4 97 120 68 111 5 88 73 106 69 106 
4 65 5 107 83 112 
98 1 75 1 110 5 113 4 105 106 99 6 101 122 73 3 78 5 89 90 71 66 69 113 106 113 75 82 6 106 65 5 4 
121 88 103 4 4 70 74 106 111 2 90 79 117 112 76 4 2 1 98 114 5 117 69 114 119 102 2 97 65 4 5 105 1 120 4 90 104 103 107 70 
6 75 3 5 90 114 4 4 113 6 74 113 89 97 83 68 4 74 6 5 69 72 6 72 73 6 69 5 99 114 86 100 4 87 79 114 88 5 
121 112 5 111 5 3 6 72 3 76 6 
1 69 111 122 2 115 
2 2 4 110 115 121 77 102 3 101 5 76 5 102 101 122 104 89 72 85 71 2 67 6 110 4 70 87 87 67 5 119 
78 72 71 6 107 4 73 1 116 80 121 109 3 90 117 5 69 121 99 68 86 3 75 6 102 1 73 3 2 77 115 72 81 6 90 90 65 5 106 2 6 113 74 120 112 107 
109 89 5 84 79 69 2 103 114 2 112 4 2 66 3 4 4 5 113 106 101 5 114 2 6 78 102 114 117 66 84 5 98 73 3 67 104 83 1 2 
85 106 87 86 68 73 103 2 118 98 107 1 77 84 67 115 97 5 117 
101 6 111 5 6 90 88 6 87 69 110 86 3 82 1 4 4 90 106 6 72 80 70 5 6 67 4 115 2 1 4 112 5 5 103 3 
103 80 90 2 70 6 
76 73 6 122 85 116 109 4 2 77 4 
100 97 99 111 6 2 106 90 2 89 1 108 73 
73 104 76 117 71 
120 5 114 
102 101 115 1 5 68 6 80 87 6 72 74 6 1 
2 3 114 120 1 120 3 2 122 113 79 67 75 6 4 65 71 6 74 116 102 88 120 66 106 3 70 104 6 84 3 
113 119 3 2 5 85 2 121 4 3 89 106 104 
2 65 118 6 122 6 5 74 1 100 66 4 119 117 3 
90 113 116 80 4 86 65 100 105 3 103 1 71 103 5 110 98 6 107 2 2 4 108 106 85 3 4 4 72 1 100 73 87 71 2 2 121 84 122 114 
78 72 106 99 1 1 66 106 1 113 97 104 5 104 1 105 101 77 109 104 4 67 116 84 78 
1 82 6 83 98 114 67 73 70 107 101 98 97 5 104 68 6 103 80 4 117 5 120 118 78 119 100 74 1 4 87 114 80 71 76 103 1 106 70 4 101 115 3 6 97 121 90 77 
3 72 116 3 66 5 110 107 97 78 88 3 116 112 97 88 72 115 88 120 118 6 82 83 66 4 2 76 80 99 5 69 6 115 87 1 
112 83 115 98 97 116 102 116 85 6 3 89 110 1 
110 88 115 89 66 83 74 69 117 71 84 2 117 80 4 4 112 4 5 102 114 3 119 97 6 6 84 73 5 1 120 111 76 80 69 77 5 89 114 3 100 6 122 
77 2 3 1 66 74 79 103 100 108 108 3 5 4 71 4 66 102 3 3 6 1 1 77 4 105 1 85 77 
86 110 1 72 98 102 3 97 108 97 5 82 67 71 85 120 110 119 88 109 101 100 6 3 6 1 86 77 6 
3 6 73 75 122 
98 6 67 99 116 2 105 4 3 122 90 2 69 88 100 4 68 115 3 85 106 1 103 3 4 82 85 110 82 107 97 80 116 5 1 4 3 106 72 115 84 118 6 1 67 4 2 69 90 
4 117 5 114 105 4 86 1 4 79 
99 74 81 113 1 6 85 
1 4 3 5 85 86 104 84 105 119 77 70 105 79 82 2 4 98 
116 72 88 106 68 65 4 74 98 6 77 4 1 3 87 5 6 67 98 119 76 119 122 108 115 6 4 66 2 75 65 101 2 6 76 100 73 6 70 65 5 104 115 5 
83 1 6 106 100 5 121 1 98 77 117 1 101 113 69 103 6 105 4 114 4 111 65 4 78 1 6 76 2 100 118 108 74 2 120 2 106 2 79 87 
114 4 108 112 4 4 77 4 79 5 115 114 74 86 85 3 76 115 1 90 103 109 4 88 1 6 2 1 113 105 122 79 
90 112 2 4 117 99 75 109 102 81 74 3 66 98 65 67 79 3 6 6 6 82 3 105 78 116 2 75 88 103 77 2 113 1 
80 6 97 87 3 69 72 97 103 80 87 85 73 76 
97 2 84 3 5 3 82 6 88 115 82 85 99 75 115 4 67 112 65 106 2 99 117 118 116 113 118 97 86 6 97 65 3 79 3 78 102 4 100 89 1 103 107 105 81 4 66 
72 6 110 67 4 71 6 121 2 88 1 102 3 79 104 111 82 66 71 4 6 2 2 66 66 
80 72 86 67 118 86 71 100 1 1 110 97 107 68 105 4 101 4 107 72 85 81 113 
75 77 114 2 4 97 100 117 82 4 65 1 5 114 98 102 70 98 70 
118 89 117 68 73 84 110 66 6 106 108 73 78 111 102 87 
4 65 3 78 5 6 114 108 6 106 112 83 78 104 101 1 5 2 3 1 87 3 112 109 75 97 
3 86 104 90 78 114 106 6 78 117 3 82 79 78 102 88 97 72 4 80 81 2 100 5 105 111 121 5 114 2 78 113 82 112 2 105 111 3 115 
70 68 75 103 3 4 115 122 114 98 2 
5 85 70 83 77 77 79 80 81 105 111 77 5 4 
3 65 2 2 116 116 82 103 97 85 2 71 115 3 107 110 6 72 75 1 1 98 68 4 3 
81 67 4 71 1 110 88 80 98 3 84 69 120 4 5 
72 101 110 68 106 101 90 102 110 3 103 81 98 115 121 5 4 112 4 3 122 5 4 1 121 1 72 90 70 107 110 5 2 86 116 106 105 111 
1 3 76 5 89 4 68 3 103 85 76 84 69 109 4 119 5 
78 4 75 
6 1 122 77 117 122 97 6 115 76 113 6 66 97 
85 2 1 99 117 99 
86 107 2 102 75 78 79 82 98 4 3 116 66 117 106 
121 114 88 6 65 105 117 88 2 97 115 76 3 80 3 100 2 120 65 105 4 2 113 5 122 83 101 112 2 102 104 109 77 103 71 6 72 1 104 
121 6 113 82 90 77 103 112 114 6 86 
68 107 6 4 71 6 73 100 4 103 102 1 78 3 101 3 86 73 108 6 5 113 117 2 90 121 67 
106 108 3 106 82 67 72 6 119 71 
115 3 2 112 89 101 84 80 2 106 3 121 4 82 119 2 75 5 80 
6 6 90 82 121 79 85 98 3 87 6 4 2 106 86 83 81 107 6 90 113 105 70 85 3 2 117 88 4 121 6 79 82 1 72 119 
3 85 119 78 4 73 118 69 101 102 102 80 105 2 1 103 77 82 87 74 1 6 6 89 108 68 6 78 85 2 1 66 113 116 116 2 69 87 90 70 4 88 5 71 3 3 98 5 3 79 
75 2 98 73 80 6 89 103 104 107 99 67 3 73 114 67 88 105 104 3 83 65 77 103 
90 6 3 99 100 75 1 121 5 102 6 3 80 66 81 108 66 82 5 101 100 3 2 1 2 5 
77 2 97 110 5 1 85 1 89 114 67 100 90 4 5 6 70 113 76 107 73 5 76 72 100 99 114 82 5 71 116 69 77 3 122 6 1 116 84 85 106 117 103 89 2 
105 108 6 1 112 89 1 115 3 73 110 72 76 80 99 97 4 78 3 89 1 103 122 103 112 5 99 103 3 2 4 1 110 
3 83 113 1 75 72 101 4 102 86 2 3 4 80 115 84 83 3 70 75 1 3 2 110 3 119 
78 77 2 102 99 5 5 65 77 2 83 3 105 99 85 98 77 108 114 74 107 77 4 75 119 102 113 4 5 107 3 114 118 
3 79 108 80 108 4 72 111 105 3 120 119 5 88 112 121 4 107 5 
1 121 118 111 81 65 107 65 1 113 113 5 74 79 118 81 
1 108 82 114 109 4 107 1 79 112 6 112 5 78 6 68 2 5 1 
79 6 68 119 107 121 84 116 82 84 3 65 2 90 99 4 113 2 87 4 110 5 4 4 1 6 66 4 4 106 65 103 2 100 69 5 110 97 111 65 70 87 72 4 119 3 117 88 
2 1 67 
104 110 2 65 83 75 89 4 121 82 117 99 72 80 112 3 114 72 112 3 66 113 68 3 1 3 65 1 67 105 3 89 101 105 111 3 109 122 122 69 103 1 69 77 75 112 116 101 
78 6 87 83 83 119 2 87 3 5 2 4 69 78 72 
102 77 67 74 
1 4 84 109 65 6 67 116 88 122 102 118 72 6 4 1 1 2 101 83 2 110 80 118 6 98 3 2 100 4 2 84 116 4 98 5 3 
107 71 84 2 1 90 6 118 78 97 75 106 112 73 76 115 3 80 90 111 2 103 86 5 90 3 100 90 114 68 
2 65 6 1 88 114 1 3 73 71 83 90 82 98 3 4 101 84 5 111 1 4 76 116 71 70 104 6 5 83 116 116 4 4 88 6 105 86 2 6 2 1 115 111 81 106 
4 122 71 66 2 69 1 80 65 74 1 100 5 2 6 73 97 72 76 3 108 112 103 76 3 111 111 1 120 2 76 89 3 105 1 117 86 114 104 1 6 
2 83 3 110 2 112 100 69 1 2 83 74 6 6 79 97 112 3 101 75 112 1 71 107 68 6 74 118 75 68 104 2 5 5 6 106 114 78 6 119 86 89 114 109 108 115 2 2 98 
84 67 115 78 72 114 84 2 70 90 3 6 5 3 81 118 70 115 98 109 3 97 116 98 112 2 6 98 4 69 90 66 6 78 
70 3 3 6 117 2 108 82 82 1 100 117 6 104 109 120 106 99 85 77 65 100 74 110 6 104 82 117 88 106 104 
106 102 75 121 1 112 97 1 1 86 107 115 76 118 4 78 97 6 6 2 81 98 4 115 119 86 6 67 107 2 67 105 110 90 104 100 103 115 77 122 6 4 103 114 6 68 68 
85 2 6 1 88 
77 122 2 2 4 122 103 89 4 83 72 80 6 81 1 119 80 3 99 79 103 76 2 66 4 116 74 112 99 118 1 89 
2 85 5 76 112 98 2 5 2 3 85 4 
81 84 4 
97 78 117 85 3 78 4 84 101 71 75 6 3 115 87 68 2 70 122 101 101 6 6 2 4 4 113 107 
118 119 114 80 110 86 1 82 98 119 101 1 77 3 
109 78 104 1 4 2 89 113 112 112 1 98 105 121 3 67 99 2 73 6 6 1 90 71 107 82 
2 76 68 5 117 65 4 3 89 4 78 99 103 1 81 84 2 1 75 70 76 70 76 78 110 115 117 111 84 
107 116 98 105 82 99 86 6 122 1 2 5 68 5 69 105 73 5 3 100 118 3 69 87 112 83 85 
69 76 113 5 4 99 66 122 106 6 77 2 2 1 84 77 83 2 80 1 116 3 
117 65 88 82 106 118 81 4 116 81 104 2 114 1 114 114 97 88 82 1 4 4 114 1 66 90 84 4 4 121 6 1 115 118 78 67 110 89 6 
76 116 78 97 3 1 86 4 89 85 4 83 4 80 6 5 97 75 1 5 5 
1 98 5 84 68 110 3 86 110 5 77 115 1 118 71 106 3 6 5 3 107 1 76 5 110 3 120 3 6 1 68 108 108 5 4 6 75 108 101 1 106 101 117 86 70 2 112 5 102 
6 102 1 3 1 72 65 68 82 5 88 102 2 6 75 80 101 2 81 2 66 67 107 78 86 65 5 112 75 4 68 1 6 104 67 121 3 
87 5 4 88 90 118 68 66 66 90 74 1 1 107 5 6 2 6 5 66 3 1 3 87 5 66 81 76 1 80 108 3 5 67 114 77 65 114 75 
79 67 4 1 105 1 66 4 6 72 2 115 4 115 111 107 2 1 1 105 2 106 84 6 3 6 80 113 78 3 98 77 88 
4 100 83 85 2 112 122 67 102 3 3 100 68 6 6 86 122 5 4 1 77 
117 6 110 69 6 84 65 90 89 89 1 116 4 84 1 4 113 6 79 2 1 1 2 6 
106 3 116 1 5 1 82 2 5 101 85 6 110 104 5 103 115 74 112 65 111 6 1 79 6 5 4 1 66 1 107 
6 67 5 3 102 2 102 1 114 1 89 120 3 98 67 90 68 117 74 65 98 2 3 6 119 2 85 73 72 1 97 6 
1 90 2 103 4 6 6 113 6 5 73 107 111 89 116 80 5 121 109 4 107 1 74 68 78 119 114 110 67 67 4 110 82 5 68 
105 70 6 69 90 108 4 2 77 82 88 5 75 120 107 2 1 3 109 75 82 71 2 89 90 68 2 71 69 68 87 2 116 69 108 1 78 6 71 
109 89 86 5 109 1 90 2 104 107 114 5 74 116 121 6 4 66 109 66 80 
99 6 3 90 81 74 79 2 117 102 98 97 99 73 90 5 65 68 2 6 1 120 81 
98 1 85 115 104 6 120 120 6 1 105 5 81 74 122 
4 112 6 118 117 6 87 70 
4 119 87 104 113 107 3 110 99 1 111 2 81 67 98 5 76 110 79 4 80 4 2 86 6 97 118 81 
113 2 1 89 3 109 70 5 88 5 76 1 110 89 6 77 6 85 112 2 86 5 118 2 87 2 98 82 119 90 104 4 4 81 88 85 87 1 3 6 2 76 105 108 115 
1 88 103 67 90 5 74 65 98 102 73 87 73 87 4 2 
120 110 5 116 103 119 116 87 108 122 87 117 2 99 69 3 81 
76 4 3 70 110 1 84 4 2 83 101 112 81 1 98 85 73 6 111 1 110 88 2 6 104 70 75 2 5 1 73 88 87 122 84 65 101 78 119 5 1 101 3 3 6 112 
5 113 5 72 4 100 6 118 69 2 98 90 2 3 71 6 115 88 5 98 115 114 4 81 77 101 113 1 65 121 115 112 1 
97 88 81 90 109 86 90 5 65 2 78 3 2 99 117 3 6 6 4 2 3 112 3 89 68 82 109 79 4 118 115 121 107 109 104 6 
4 67 103 116 86 6 70 68 100 6 81 104 65 3 65 2 68 3 3 86 67 102 2 6 116 2 1 
6 105 73 
115 1 2 
81 79 106 2 69 66 107 120 68 84 110 89 2 110 3 2 71 103 99 110 69 77 2 73 108 82 99 4 6 4 119 2 3 2 103 122 4 107 74 3 82 69 116 
2 71 3 104 69 103 98 121 85 6 5 3 77 6 2 
67 3 2 79 1 70 83 3 80 85 113 67 75 110 109 83 6 3 98 97 
90 116 3 2 98 107 118 83 87 3 3 2 4 80 3 87 5 117 101 114 1 106 115 113 5 5 98 70 100 6 117 76 
72 81 115 6 77 2 76 112 86 112 2 101 81 3 78 69 118 6 67 75 6 4 
111 108 87 5 4 3 4 4 105 121 
82 83 101 80 3 98 118 2 2 103 118 4 6 
1 69 1 103 4 3 106 6 121 2 1 82 73 121 83 2 89 4 2 85 2 102 90 81 122 102 88 73 84 108 68 3 2 5 101 76 109 2 89 5 5 2 75 4 
117 119 67 2 5 6 6 73 1 79 108 75 1 5 90 5 80 112 111 121 
90 109 112 3 3 112 77 69 69 6 4 100 65 3 5 6 6 103 75 108 6 103 5 5 1 122 3 6 120 108 105 70 87 100 120 4 
119 105 117 99 122 118 6 114 122 6 66 108 113 108 79 115 1 80 112 1 1 118 106 119 73 6 2 70 120 116 113 103 6 80 118 103 65 118 2 6 85 84 6 112 89 117 
119 70 104 5 83 86 1 116 90 79 88 65 109 1 5 2 72 113 5 107 85 65 4 110 65 4 6 98 3 108 118 6 
110 118 87 112 
75 113 73 2 111 6 85 69 111 3 3 100 71 83 69 122 4 98 5 3 1 4 2 1 76 110 113 3 3 75 1 1 121 111 102 
4 103 3 5 106 117 6 67 66 69 115 2 6 107 73 3 5 81 86 108 103 99 
79 117 4 5 109 67 5 75 114 107 120 66 106 
6 85 73 70 3 82 78 70 6 65 5 4 86 117 3 4 71 120 75 99 104 6 82 69 2 1 78 117 2 122 120 72 100 3 4 3 99 110 3 68 70 
65 5 89 68 4 2 105 
3 103 1 101 
3 113 76 5 5 109 6 79 2 89 88 73 4 3 99 86 72 4 2 104 3 120 99 72 104 78 88 70 111 5 76 107 99 122 
4 81 106 111 1 2 78 5 80 83 71 76 89 70 122 71 97 111 74 88 
5 1 74 109 80 3 1 87 102 90 88 115 72 83 104 6 120 106 122 
66 111 81 71 82 4 4 5 4 1 71 76 98 4 5 1 66 97 3 108 4 
5 72 3 99 5 2 6 72 108 70 75 107 1 84 1 4 74 2 3 3 4 
6 69 79 73 106 2 100 76 100 99 84 104 104 6 78 110 107 79 110 88 111 3 1 5 98 5 114 
118 112 87 88 3 81 105 1 97 115 83 2 
110 105 97 6 3 108 87 3 90 75 98 6 120 105 82 117 116 5 107 1 67 117 85 97 4 103 4 78 5 2 2 5 101 114 
112 76 66 79 89 85 120 5 4 83 73 117 5 79 2 121 81 69 118 106 112 77 98 74 80 2 108 85 4 107 4 4 6 2 5 107 65 75 111 2 76 111 74 87 6 6 77 116 121 
109 69 112 
3 5 108 105 105 89 5 102 121 80 4 101 98 65 105 121 122 104 113 68 114 111 6 4 109 5 6 118 5 105 74 87 117 1 121 72 5 89 
110 86 90 87 68 74 1 87 3 1 98 102 6 3 99 1 4 83 3 1 81 6 6 4 98 89 5 98 65 71 1 118 85 98 84 2 117 
113 80 118 115 76 6 1 80 105 6 6 104 1 5 70 2 5 109 106 67 
81 98 6 70 88 3 3 102 6 86 2 5 4 111 6 1 71 82 1 70 103 105 6 87 5 4 103 
5 5 5 3 2 118 75 2 3 5 110 80 4 102 99 5 1 105 103 76 5 85 114 76 100 119 6 90 121 99 102 1 103 3 72 6 86 2 67 6 3 
1 1 1 87 4 1 72 83 3 115 2 6 112 117 66 98 3 109 4 106 6 105 118 1 3 109 65 111 108 119 99 3 5 71 3 83 2 110 120 121 83 3 3 82 65 73 3 5 
105 88 114 111 3 3 80 6 3 6 103 3 83 90 120 77 113 79 2 6 111 82 
103 109 75 121 3 113 1 118 3 86 122 105 5 99 110 72 2 3 78 105 98 88 107 2 114 5 70 4 68 77 
71 80 112 3 107 69 66 117 1 103 4 84 89 90 5 3 6 3 120 76 114 2 116 6 110 74 68 79 
118 2 101 3 5 78 109 73 1 70 99 4 6 122 2 109 107 89 2 74 69 3 114 3 4 4 116 77 69 79 69 4 
4 3 84 3 4 121 79 117 5 
87 5 119 5 70 118 117 65 1 5 68 5 2 122 86 74 82 5 4 5 104 68 1 105 75 4 111 4 5 4 85 6 2 4 103 2 112 104 3 6 119 105 100 73 122 77 108 110 
5 74 99 5 2 1 
120 77 82 5 119 65 4 76 80 3 78 1 78 104 110 100 3 3 89 4 80 68 77 118 76 85 4 2 118 76 5 100 1 117 82 68 107 98 4 89 3 4 72 109 69 
122 99 5 3 1 120 120 74 66 108 77 98 69 65 78 73 66 71 76 80 86 82 2 86 114 88 73 117 1 85 77 79 5 79 116 107 97 84 117 111 1 5 69 4 66 
122 105 86 104 74 113 5 3 81 1 78 
3 6 65 2 122 2 65 82 75 122 89 99 2 98 3 2 81 73 5 4 68 118 5 5 110 5 87 120 88 6 1 4 99 74 97 106 2 101 80 3 111 6 
4 82 84 1 119 75 
122 2 3 86 1 70 111 2 112 99 102 89 84 1 4 77 2 88 105 77 122 74 87 89 
90 109 3 2 100 3 119 75 2 4 4 4 119 122 72 5 88 74 
111 78 72 108 108 85 68 2 5 114 121 74 114 84 84 113 2 2 4 107 117 5 97 77 77 71 5 79 1 100 65 3 6 90 82 109 2 117 4 5 5 
4 87 6 90 4 90 80 69 5 105 65 83 84 122 4 102 3 70 3 77 119 89 72 102 70 112 71 114 4 113 122 71 77 90 89 122 4 106 6 82 
112 99 4 2 1 77 101 107 114 5 78 84 2 118 107 82 87 87 2 5 116 3 107 3 122 87 88 4 1 117 4 86 86 102 116 2 88 4 120 74 3 1 113 
116 1 106 86 106 67 114 97 117 113 69 5 6 67 78 102 4 5 5 105 78 108 84 107 121 85 107 5 72 77 115 110 5 3 1 5 118 3 114 108 71 117 
122 3 81 6 3 106 102 3 6 117 105 5 89 3 67 97 1 65 
71 81 1 116 99 108 90 1 85 6 76 76 70 4 65 2 97 72 107 66 1 86 118 4 
81 107 74 72 110 116 79 5 88 75 2 103 3 
66 74 106 6 89 65 4 99 2 6 6 80 72 98 80 112 69 3 
87 4 114 2 72 5 86 3 109 2 87 65 88 83 120 97 108 6 117 74 66 101 90 3 112 83 85 2 121 78 4 70 97 117 
67 112 89 78 105 5 82 97 90 75 121 97 84 80 76 5 98 106 4 3 5 4 1 116 85 
3 6 6 69 3 107 6 65 87 106 87 5 116 107 5 6 72 1 113 108 79 106 120 111 68 
120 1 117 106 66 84 5 5 110 97 99 4 69 113 1 77 104 6 1 6 76 77 121 66 102 75 116 67 6 
69 6 5 5 100 87 85 86 89 3 4 112 
87 6 80 111 6 67 
98 90 65 
114 1 88 111 66 70 74 105 85 100 6 98 6 71 97 78 75 75 77 122 65 5 119 88 85 75 1 80 3 66 70 100 121 5 80 105 113 74 121 114 90 3 3 2 81 71 75 109 
114 2 5 107 106 2 67 73 78 6 86 4 75 5 83 
78 66 109 88 66 4 2 5 83 81 4 6 80 106 2 99 2 79 88 89 72 88 85 103 1 
108 112 118 103 66 105 114 2 105 117 3 84 
5 116 87 103 3 70 2 108 2 1 104 101 2 2 4 100 120 2 5 122 71 75 81 106 118 111 
116 2 76 4 68 3 108 85 2 1 74 101 5 78 110 5 79 
73 2 4 85 6 119 73 104 107 2 106 70 76 90 119 100 
102 120 5 90 6 90 3 2 90 119 112 66 78 115 97 90 68 105 86 101 71 84 6 6 4 66 99 100 83 104 70 2 77 101 116 3 65 
67 69 3 109 
102 87 5 110 3 76 120 73 109 121 
1 114 6 121 102 116 82 108 6 3 65 4 102 87 109 119 97 79 1 4 6 119 67 115 122 2 67 115 110 4 104 121 73 65 105 2 3 98 2 86 73 5 83 3 99 87 3 102 3 
121 89 89 1 72 78 104 3 114 5 100 3 3 113 5 122 101 106 78 76 6 114 100 89 104 87 89 99 5 
4 89 5 82 5 97 121 81 69 77 67 66 1 1 5 
5 72 122 113 6 97 108 75 70 118 110 70 5 2 3 1 71 99 102 120 84 85 68 68 83 6 121 2 69 102 79 70 65 116 2 2 119 3 82 3 82 65 68 1 6 67 85 
2 76 83 2 117 88 82 108 78 65 84 89 66 1 100 6 107 2 101 118 6 3 82 111 6 1 82 6 99 106 77 85 
3 83 2 79 73 2 77 80 5 106 66 77 98 103 1 67 99 113 113 86 66 1 100 119 115 110 117 103 88 5 83 5 100 114 1 109 98 2 3 108 82 2 
104 122 111 65 4 107 121 78 77 5 85 72 114 1 74 78 109 3 1 88 121 82 67 86 98 111 115 117 84 104 
77 115 3 77 108 114 71 98 1 108 3 
3 84 87 86 2 108 107 103 89 
99 2 113 4 88 80 74 65 75 
5 71 113 118 88 102 1 
1 1 65 1 79 122 69 73 4 110 6 106 6 3 3 4 103 6 6 86 105 97 67 120 2 70 83 77 78 72 78 98 80 85 2 109 110 118 
101 90 72 105 73 4 5 1 83 73 6 100 3 4 71 98 68 112 120 122 105 81 5 5 6 1 67 75 90 88 1 70 2 75 106 75 83 81 77 112 6 1 71 115 70 1 121 2 
117 98 76 2 74 106 111 90 114 5 5 2 69 1 77 65 
78 79 4 119 116 6 73 113 65 88 70 4 1 120 106 98 77 6 68 2 89 69 2 1 81 102 107 65 6 76 97 111 5 109 101 
81 88 79 5 73 5 6 70 
2 99 100 
1 1 109 67 78 86 3 2 6 99 88 2 79 3 5 4 5 3 100 114 5 4 77 6 86 6 82 2 69 105 4 5 2 121 
80 3 2 113 105 74 74 5 113 85 66 104 113 115 98 120 100 102 1 89 5 76 5 122 111 2 90 76 114 3 3 2 5 105 4 109 110 6 4 114 99 117 116 4 4 80 3 5 119 
65 112 4 3 108 114 119 113 100 1 111 105 76 90 6 115 122 84 4 106 78 5 2 
6 3 74 3 3 83 80 3 79 6 101 6 119 69 3 90 3 85 4 110 103 72 5 1 67 78 107 110 116 90 98 101 
78 4 82 6 79 2 97 85 2 102 113 89 2 97 2 79 99 103 111 68 101 3 106 122 3 67 67 109 5 6 107 104 88 98 5 6 112 111 82 80 119 3 1 87 6 103 2 
108 5 2 5 6 3 
6 3 72 115 5 66 3 
102 3 67 120 6 4 6 5 84 103 97 117 114 5 121 114 68 77 72 65 6 108 70 68 122 2 99 99 114 77 1 75 85 78 108 76 115 
5 117 108 114 101 3 
116 120 100 101 83 6 2 69 2 70 3 65 6 5 5 6 116 4 112 99 86 85 65 104 68 106 3 98 4 90 121 1 84 118 114 75 119 89 86 5 
80 98 89 81 100 83 101 5 98 99 103 2 75 111 88 6 65 115 100 111 2 1 115 113 6 3 3 113 107 70 108 107 6 4 113 5 6 82 122 77 6 6 2 6 71 
2 114 67 74 117 84 82 3 72 3 87 121 101 5 108 1 
110 65 5 6 5 121 66 108 77 86 1 1 66 119 
3 99 119 98 83 82 5 121 67 87 110 108 6 115 90 75 4 4 2 79 2 116 66 106 74 86 122 112 80 4 75 65 
99 85 67 4 119 121 79 111 104 68 5 4 106 109 112 77 115 114 69 82 87 68 4 89 74 120 6 121 65 4 4 4 5 4 3 5 73 6 71 1 2 4 1 103 75 76 109 106 82 2 
109 80 73 1 76 72 99 105 117 
4 82 110 105 4 1 87 76 86 5 1 6 1 112 106 71 72 1 121 3 3 1 81 116 85 84 107 
3 79 68 113 4 103 5 87 86 81 2 83 104 69 80 119 108 1 72 80 82 108 89 1 6 6 1 100 5 
67 109 76 121 89 5 75 79 1 112 115 72 122 117 5 104 4 66 103 1 74 71 
98 4 5 2 5 108 4 1 1 110 75 98 117 102 119 73 5 
1 84 97 4 107 6 122 82 105 106 115 79 6 3 120 84 97 1 120 68 118 
4 6 6 89 73 116 
1 6 71 99 4 2 5 98 6 2 105 1 97 100 74 100 83 78 99 117 6 
4 4 1 3 2 4 66 104 102 82 4 2 117 97 74 98 99 101 4 5 109 5 86 101 97 110 4 2 82 2 108 90 66 6 115 5 117 121 2 121 
89 119 4 74 122 115 4 2 117 5 3 104 81 103 
110 3 4 88 105 90 97 4 119 86 1 116 107 115 90 1 2 2 5 4 97 73 120 3 103 101 84 75 101 2 5 68 6 81 75 4 86 81 83 5 120 1 2 4 98 90 73 102 66 
89 1 6 118 5 121 2 122 4 106 119 102 86 6 83 111 5 72 73 112 3 79 76 89 70 2 102 82 99 76 109 121 120 4 3 105 5 100 104 77 79 2 
113 87 77 85 81 
66 2 6 103 106 
6 88 118 5 71 6 85 105 6 2 116 104 3 1 86 
89 67 87 120 116 88 107 6 5 6 79 76 74 108 117 103 67 65 
118 72 83 101 74 68 2 88 101 77 2 68 68 1 1 2 67 4 109 108 6 78 102 116 103 80 87 66 6 110 90 2 3 6 1 1 1 79 5 4 115 121 107 65 97 79 98 
87 74 72 81 3 78 5 1 71 2 69 103 116 66 4 72 113 122 65 110 82 74 112 6 2 107 120 4 108 122 3 80 107 108 77 78 107 121 111 80 
3 2 115 
5 107 1 99 1 86 84 76 118 83 76 4 72 100 90 106 2 90 2 108 
5 1 119 4 120 2 72 106 3 1 67 4 108 2 117 86 106 105 84 3 77 2 76 81 109 107 
109 6 67 1 2 4 103 72 73 66 1 104 106 4 116 122 120 78 3 113 90 122 5 105 110 2 102 68 97 3 121 98 66 6 2 1 118 120 78 89 1 2 5 75 
72 89 105 6 3 2 111 75 109 101 104 65 75 5 5 122 1 70 76 104 106 
85 77 5 4 4 4 65 106 90 1 5 1 2 3 106 115 5 121 3 99 2 76 121 107 1 90 1 117 2 4 66 107 109 5 3 74 97 
3 90 99 69 117 74 2 3 
103 104 3 116 5 111 5 74 80 3 6 6 122 75 68 76 80 99 115 
66 1 80 67 1 67 118 83 3 87 4 113 86 76 82 1 67 1 104 3 100 69 75 4 104 90 67 111 5 112 
98 5 104 100 88 113 83 85 98 79 6 1 81 6 2 4 3 106 104 5 84 116 3 3 71 2 69 74 112 118 101 82 6 111 5 85 5 89 4 1 98 6 
3 102 103 88 87 6 65 2 5 6 3 74 76 102 2 116 1 104 2 
3 3 122 4 98 2 107 102 113 4 72 101 3 2 116 102 80 1 3 121 1 73 66 117 116 118 106 1 69 78 109 1 104 79 3 98 6 77 5 1 67 3 86 3 74 
67 79 121 4 105 103 4 5 4 116 
67 5 2 3 1 88 118 116 6 117 120 99 81 100 6 83 4 103 5 71 3 
68 65 3 84 4 121 85 
3 116 90 67 79 
5 69 102 67 5 114 108 6 79 6 3 104 88 122 107 118 1 5 5 1 109 78 66 76 112 113 77 106 4 66 99 4 3 3 2 81 71 
5 90 113 73 2 5 68 77 106 4 6 98 73 2 83 3 119 3 98 65 2 118 68 87 2 4 68 1 87 1 2 70 111 87 99 
6 89 
4 76 4 6 4 115 111 
100 4 120 112 115 83 5 80 5 114 6 2 2 77 6 97 107 66 111 3 5 6 115 68 88 85 89 116 75 2 67 1 6 2 4 107 3 
5 6 109 78 99 100 111 74 75 68 107 69 85 116 78 5 2 89 6 6 5 100 76 85 70 4 3 76 5 3 1 6 4 83 1 
74 69 110 2 75 2 1 84 78 87 3 3 100 68 4 100 110 100 90 116 4 98 85 72 67 2 118 2 102 85 3 1 5 
85 116 79 109 6 77 5 82 112 1 5 86 1 1 88 108 113 115 2 
110 2 2 5 79 1 6 107 106 5 73 5 98 3 79 1 6 68 106 72 104 5 84 102 122 72 113 6 122 70 84 2 1 80 120 1 68 6 109 
5 1 80 6 4 108 1 67 100 86 
4 75 100 98 100 117 72 4 86 118 1 5 6 6 
116 86 3 72 105 97 86 122 83 116 78 4 1 113 
68 104 72 4 115 67 118 3 2 3 2 98 2 117 6 109 102 
99 119 109 6 82 6 6 3 100 84 110 6 5 4 6 99 2 116 1 
70 105 119 2 5 4 4 81 3 6 111 5 3 4 6 116 104 83 5 76 120 3 1 1 100 5 5 71 6 90 83 102 68 105 80 100 
4 103 6 73 104 
1 88 6 5 4 79 88 2 4 4 5 1 2 80 109 79 72 100 2 
88 1 69 72 99 121 5 83 5 78 111 84 73 116 102 73 119 67 112 120 87 101 1 120 105 3 85 
112 1 73 100 114 102 73 121 84 76 73 103 110 88 3 5 84 98 75 114 116 5 5 108 1 70 
6 3 117 70 3 100 4 78 102 118 2 102 5 70 4 2 105 71 72 117 75 74 1 90 72 1 1 6 121 99 98 119 109 119 
113 2 73 90 2 5 74 3 80 74 70 5 109 102 79 73 81 85 107 3 86 90 86 6 4 105 74 108 3 112 1 2 115 89 2 110 
79 77 5 1 106 112 72 105 88 111 121 5 90 87 85 122 66 74 1 111 81 1 108 109 76 79 1 80 5 2 68 5 120 83 5 73 101 115 99 2 
121 1 109 88 101 
2 6 114 3 88 74 1 114 83 5 2 67 100 76 111 1 89 2 74 73 117 2 4 85 73 107 
85 76 112 84 3 5 81 2 102 1 82 122 85 107 77 109 4 
4 79 4 90 4 72 6 74 1 78 1 6 79 3 5 108 6 6 74 3 111 114 1 6 3 74 70 6 6 77 74 4 101 67 
76 6 5 102 110 87 2 108 115 81 2 115 121 6 5 1 109 77 97 77 5 77 
6 116 66 73 4 122 118 79 2 113 6 77 1 101 84 110 1 78 90 87 
113 87 107 67 111 6 6 6 89 
4 87 5 67 74 4 104 83 77 100 73 118 102 118 97 119 98 3 106 5 2 115 119 115 79 2 3 5 120 4 1 116 3 107 98 82 84 5 101 103 110 4 66 86 5 110 104 5 104 5 
116 1 1 119 111 6 
66 74 88 115 112 106 115 3 
81 1 99 74 74 85 85 5 5 108 1 108 84 107 78 80 4 102 122 6 4 112 3 1 72 78 2 3 68 88 84 3 1 71 75 97 89 80 110 106 
119 3 101 98 
79 116 86 1 6 77 115 106 2 119 73 68 103 86 71 108 112 4 3 6 1 76 85 1 72 6 1 65 90 5 81 115 77 65 6 80 5 
117 108 89 2 74 1 113 4 79 84 66 79 90 6 66 90 101 103 72 3 6 119 108 4 66 4 1 78 89 90 1 115 4 79 78 
2 4 87 82 104 105 114 5 
65 2 5 3 120 69 80 68 65 122 6 2 107 74 68 117 81 3 68 6 122 106 6 74 117 4 65 5 120 86 99 
113 67 5 108 66 5 3 103 1 5 122 68 68 2 119 86 113 76 5 4 5 1 72 6 
89 4 97 5 112 99 111 88 119 6 106 79 110 116 90 66 83 112 4 101 6 
6 102 1 101 78 
75 90 4 6 65 120 117 82 113 2 117 6 5 72 87 2 6 1 104 69 88 76 3 107 2 99 98 81 83 72 
71 6 86 76 4 115 5 6 80 115 4 85 72 5 101 1 1 4 107 107 109 86 106 75 6 122 108 79 2 70 98 75 6 80 6 110 81 3 3 1 
6 116 6 106 6 75 77 114 74 73 74 5 97 77 3 5 74 119 1 99 78 102 67 88 65 65 105 86 2 78 90 108 100 2 106 3 65 5 106 4 75 117 75 78 5 1 82 119 2 
99 67 5 103 113 6 4 2 5 114 4 6 110 1 
2 82 83 5 65 103 110 5 83 3 116 69 1 103 108 6 6 114 3 90 1 76 4 5 114 116 89 74 100 109 4 90 108 1 67 101 1 71 6 122 97 115 
82 120 86 88 5 83 80 3 81 117 118 5 5 85 73 6 1 117 100 4 6 119 
5 78 103 68 116 72 76 4 80 98 119 
89 105 66 3 77 87 117 2 87 120 4 4 3 1 2 97 5 79 119 117 101 5 102 65 105 88 5 3 4 73 101 
89 78 6 78 5 
3 6 1 2 112 4 107 113 90 3 104 115 
71 122 107 98 112 
6 1 120 114 108 82 66 68 2 115 1 102 122 4 6 4 113 104 65 117 69 2 120 120 72 120 98 119 107 4 6 99 69 4 109 67 115 97 108 109 5 1 2 
77 83 84 85 77 4 5 3 102 77 3 73 6 3 100 110 3 
81 120 70 97 98 75 69 88 72 118 3 88 5 67 107 105 107 6 67 3 3 
4 72 121 100 6 3 5 108 6 6 6 118 81 73 3 4 3 1 113 107 100 84 4 110 72 83 4 89 65 1 1 85 68 97 66 85 5 2 85 6 
104 110 67 114 85 102 69 1 112 111 6 90 5 2 6 81 107 5 71 74 112 5 3 112 5 103 86 70 66 81 2 118 89 70 99 68 74 103 5 2 113 5 98 116 
4 5 4 3 65 67 5 1 111 1 97 120 5 1 1 83 122 77 6 112 119 2 105 97 5 107 
82 66 5 122 70 1 3 6 72 1 5 
101 3 120 74 103 3 89 74 88 77 106 74 5 101 120 5 84 69 68 81 3 97 73 108 110 75 72 109 4 2 120 1 90 2 87 68 108 68 104 102 117 107 2 1 67 1 5 84 
5 1 1 86 88 6 74 104 4 106 74 113 3 85 79 82 101 5 118 105 88 88 121 65 90 111 67 3 72 80 5 75 121 5 90 
82 121 2 79 67 4 5 5 75 115 2 70 117 5 105 6 69 4 97 97 114 119 81 3 1 2 89 83 80 3 72 5 2 6 82 1 84 6 6 2 
121 101 101 3 69 120 2 110 116 119 111 3 88 5 84 2 106 2 82 5 79 122 97 79 65 5 80 3 122 87 116 3 122 112 68 4 89 6 121 98 69 1 98 5 104 86 65 
1 105 102 116 3 108 103 104 108 2 104 65 3 77 4 116 98 72 104 84 112 108 
6 112 105 121 70 78 5 97 80 90 74 109 1 3 74 81 98 6 70 79 109 104 82 2 2 70 3 1 87 6 1 99 100 6 2 67 
67 122 79 106 66 5 99 68 104 5 122 66 5 73 81 6 75 3 3 88 115 
66 90 5 85 117 112 1 97 77 113 88 89 104 111 109 6 102 85 118 73 78 113 71 89 6 85 88 120 117 6 76 88 5 121 2 76 4 106 102 
87 103 102 103 115 3 75 90 2 1 5 75 70 104 3 5 74 120 2 
3 122 103 115 111 5 6 117 1 113 1 1 98 117 6 6 99 122 102 68 100 108 79 87 2 106 104 2 87 103 81 66 69 78 3 1 122 118 122 68 69 1 117 75 1 88 85 
119 2 103 110 
2 1 3 2 4 106 85 117 74 102 3 72 114 86 67 85 120 4 106 6 113 116 71 111 102 106 6 2 3 100 89 69 3 67 89 66 85 112 111 4 82 67 117 66 
108 4 111 113 87 121 120 2 99 84 97 99 1 67 109 5 2 111 1 76 4 98 102 74 5 87 112 115 87 105 71 112 4 2 103 1 99 120 83 1 121 
3 117 4 118 72 105 111 110 84 76 107 
89 116 4 117 111 89 118 72 119 105 6 6 90 72 120 76 2 67 101 119 107 5 6 117 108 102 70 
6 121 85 73 85 
72 1 81 2 70 118 98 3 71 103 87 104 
105 104 115 106 117 122 82 106 103 80 89 1 3 86 1 76 110 2 3 103 3 87 67 1 89 74 74 89 105 5 76 1 109 100 1 88 65 65 78 5 74 76 5 74 72 113 
110 86 106 79 85 104 6 88 65 114 1 102 85 4 110 65 122 100 107 90 109 67 105 5 119 80 6 75 74 2 3 5 104 5 3 71 87 71 3 5 115 101 118 
79 81 2 101 74 80 121 112 2 1 87 100 68 5 100 107 4 
89 4 106 118 77 3 1 73 119 66 6 5 
3 80 87 97 105 6 87 110 6 122 67 109 98 65 74 117 104 109 107 5 2 5 4 88 5 3 87 2 
4 1 6 111 110 81 2 113 1 70 113 6 67 100 98 108 87 89 72 113 105 4 103 119 107 102 5 80 
84 100 65 71 116 119 101 117 98 111 4 5 3 117 6 68 5 2 81 99 2 73 79 2 1 3 103 3 77 
82 90 79 118 1 76 116 80 104 4 103 5 104 101 99 6 75 120 70 81 75 108 65 112 70 86 102 120 99 4 85 105 
120 78 115 110 5 1 2 79 69 76 4 83 65 88 83 1 90 82 116 115 112 83 99 107 71 82 90 
2 97 82 6 116 6 113 4 97 2 77 86 122 77 108 77 74 65 68 89 2 1 81 4 5 2 2 89 102 101 5 122 
114 110 98 112 103 69 120 112 113 68 3 5 105 5 101 116 69 105 103 5 83 5 103 116 5 4 66 5 117 104 1 99 120 110 69 107 111 110 79 110 87 6 6 120 5 2 122 68 114 87 
111 78 109 73 99 84 68 88 110 100 5 4 111 6 5 89 84 86 65 83 104 3 1 77 1 4 104 113 89 81 98 
85 82 90 113 1 97 2 121 74 88 5 3 76 68 88 6 98 112 98 113 100 5 104 81 109 5 97 112 79 6 113 4 78 6 122 104 6 70 83 86 4 111 97 
106 3 101 117 2 121 6 1 
65 85 2 6 6 115 4 5 1 83 105 78 78 103 2 5 78 6 1 101 71 1 1 5 4 85 113 69 115 1 6 69 115 
2 76 112 88 98 66 2 4 2 1 122 75 79 
111 121 2 115 70 110 111 2 2 5 1 69 120 2 98 66 115 4 4 4 70 3 100 99 75 117 6 119 66 110 6 3 122 80 82 4 77 90 71 3 
3 104 2 5 119 107 118 
88 4 116 1 4 1 97 86 3 85 6 5 87 5 72 103 112 
2 105 70 5 118 5 122 97 77 81 3 1 71 73 6 104 2 72 78 104 105 73 4 99 5 122 102 87 65 3 67 67 66 5 2 89 6 1 1 68 114 
4 1 99 83 121 104 104 5 2 113 2 4 6 5 5 71 85 1 85 
66 5 90 107 99 84 113 2 122 4 99 5 101 98 1 1 115 108 102 5 77 111 67 6 6 77 114 115 79 117 65 4 1 4 4 6 68 78 2 3 89 1 106 1 
85 2 3 2 110 1 6 5 106 84 112 114 113 116 100 99 98 75 2 108 6 78 66 121 112 119 105 6 
120 120 114 66 66 6 3 100 83 6 3 77 120 101 5 76 114 4 90 109 76 109 102 74 70 88 2 88 76 2 120 3 1 71 86 118 65 1 103 115 6 1 103 108 72 122 
3 4 66 2 105 107 102 107 113 5 1 2 100 82 100 67 1 89 3 76 120 77 76 70 1 4 109 122 2 6 97 74 2 112 111 88 116 5 
66 3 72 117 72 119 1 70 79 
80 118 77 113 102 118 98 100 73 88 83 73 106 80 109 1 5 119 70 6 110 1 106 84 3 5 86 66 115 77 89 3 1 97 97 103 69 6 5 6 86 99 78 6 1 2 66 3 
2 82 89 4 76 3 71 5 2 
65 114 89 6 3 2 103 70 5 97 66 114 87 109 3 76 2 105 65 5 68 82 
3 6 84 97 2 2 88 103 1 2 4 112 65 3 6 4 110 1 77 6 118 5 2 90 104 75 90 85 80 3 
4 98 72 3 90 115 72 6 2 106 3 1 4 111 122 
5 4 2 109 1 104 3 72 4 90 6 99 72 75 98 4 4 118 116 84 5 86 111 4 68 
6 76 99 85 115 2 69 6 97 88 84 5 6 121 5 120 110 72 2 82 1 110 70 4 1 1 2 119 5 119 80 117 
1 6 72 117 3 80 6 1 69 78 
3 73 2 1 77 71 
112 70 1 115 78 4 111 101 3 118 3 87 6 104 89 112 103 100 118 78 108 68 
99 122 101 106 88 107 89 
81 5 78 89 114 70 100 89 88 102 3 121 107 2 119 3 2 102 120 111 3 97 67 76 4 2 66 5 4 4 98 98 113 78 111 74 112 6 102 
106 68 102 71 2 103 87 121 5 103 66 120 118 70 116 102 3 85 115 85 72 68 113 74 6 3 121 110 75 97 105 4 6 66 6 72 116 5 104 108 69 118 
103 5 120 84 1 87 115 108 5 1 73 100 87 98 120 118 103 85 6 113 74 103 70 100 70 6 78 70 5 71 6 100 79 69 87 86 5 
118 108 90 102 79 88 3 74 3 99 3 72 1 86 69 3 6 
2 108 1 2 101 84 111 119 89 113 84 119 4 103 3 111 3 122 82 112 2 102 6 65 112 110 112 6 3 4 119 6 103 67 2 
2 1 6 2 103 77 107 121 110 104 6 72 102 87 79 88 6 110 5 5 82 119 70 99 107 1 4 113 120 86 4 111 119 98 75 2 2 75 103 1 4 122 102 107 119 85 103 81 
117 88 115 106 6 113 112 5 101 65 6 119 3 103 120 115 3 6 119 1 104 116 5 2 105 5 6 2 120 72 110 4 112 116 69 122 3 
1 110 6 4 76 90 2 97 6 4 120 119 4 101 98 1 6 115 108 4 1 1 118 108 102 99 
72 101 89 77 81 97 82 83 77 116 4 99 115 77 75 5 74 1 77 105 82 73 6 109 3 88 83 121 5 4 110 117 101 70 
1 72 102 69 86 103 119 69 108 121 
81 122 119 78 108 97 4 77 90 66 5 103 82 114 106 1 6 4 82 6 66 89 3 90 70 119 2 114 112 113 105 1 
72 6 113 
102 98 86 121 116 3 116 74 104 71 
2 1 4 83 66 
107 108 6 4 114 78 1 5 103 6 82 107 114 110 2 102 2 4 82 109 97 108 78 4 3 80 100 6 73 100 5 89 99 1 70 6 85 105 102 84 121 1 3 4 
2 68 3 3 5 76 75 88 6 4 6 67 111 3 6 69 6 73 121 79 122 88 6 79 83 4 108 77 103 81 107 5 81 121 1 72 82 6 82 69 6 112 82 66 
4 71 4 86 90 3 114 112 67 69 112 114 104 4 2 4 75 
1 82 83 68 88 86 117 97 111 110 4 6 6 1 
118 110 6 4 69 3 5 115 4 99 78 71 73 68 110 111 97 6 106 77 72 1 4 97 101 116 4 
97 69 2 115 4 3 4 116 70 3 117 103 75 122 4 85 80 3 4 79 67 4 4 4 104 105 4 71 103 3 74 5 1 116 82 3 4 97 5 118 1 99 
118 86 80 104 100 90 3 102 81 84 5 118 115 109 80 5 1 120 77 88 6 3 
102 113 104 113 4 3 103 111 2 1 116 69 102 2 3 71 115 
5 6 99 68 4 3 117 76 1 6 3 6 75 76 3 6 4 97 76 2 4 85 3 101 71 1 77 97 74 4 86 65 104 88 2 103 112 65 2 69 89 4 78 85 104 3 80 122 
5 3 106 110 4 72 4 3 85 114 66 86 68 88 3 112 3 114 69 1 85 107 89 90 2 87 107 3 105 67 1 82 71 73 82 97 76 1 81 85 74 116 87 112 
83 5 106 112 6 3 6 116 99 115 2 81 3 69 3 111 5 3 3 108 106 88 68 71 98 68 1 4 107 90 5 117 111 118 77 68 98 
2 65 116 75 67 85 3 72 6 
120 80 79 98 86 69 2 73 2 6 2 98 66 86 78 74 5 
5 115 1 116 108 4 88 115 88 1 3 6 116 98 73 4 67 67 6 104 5 2 97 2 107 87 88 112 106 120 104 1 114 116 5 6 111 82 1 111 
114 104 1 82 121 1 101 71 67 84 108 2 116 121 99 81 4 2 5 74 6 83 120 5 72 81 83 1 103 114 78 3 99 2 4 73 5 81 1 82 85 1 106 6 2 88 
113 67 104 103 122 101 5 6 5 102 74 66 2 70 6 103 3 3 75 114 
109 108 66 
6 2 66 5 85 99 5 2 100 82 103 79 2 83 112 99 2 111 102 5 1 5 67 1 115 4 2 5 112 5 2 88 115 103 86 69 85 105 
67 3 1 82 1 76 79 113 118 5 117 70 
80 100 67 
82 4 90 4 98 85 71 89 65 118 4 78 72 97 1 2 102 120 99 86 5 113 2 5 113 100 75 99 85 3 106 5 2 99 103 74 6 
81 72 83 88 73 112 4 6 1 2 2 4 65 89 3 115 4 118 80 89 71 78 80 111 121 121 
89 1 121 84 4 89 83 70 4 74 4 6 121 87 4 111 70 115 112 74 68 82 113 85 77 118 120 82 100 84 6 71 4 68 82 118 78 2 103 97 116 120 
2 90 4 2 2 88 106 69 103 68 116 1 115 85 83 87 112 118 1 
4 68 77 4 77 114 4 88 109 78 76 117 86 117 89 1 84 98 72 66 4 87 77 122 121 6 67 3 1 73 76 111 2 4 108 122 119 120 2 122 81 79 3 1 114 5 
1 6 2 83 97 104 2 76 5 112 110 2 97 5 85 116 
1 104 100 79 80 4 78 114 85 115 5 1 6 83 77 88 73 69 1 4 2 122 89 89 114 4 115 2 77 6 116 81 72 88 85 5 77 5 3 65 101 98 2 
116 119 88 110 85 3 5 99 105 1 5 80 74 77 102 1 102 3 5 103 3 2 1 4 78 3 68 78 106 115 76 87 6 104 2 108 78 77 5 6 3 6 68 65 65 
70 79 105 120 5 90 1 3 2 121 3 6 3 3 6 105 90 6 3 116 121 71 5 120 80 115 120 78 1 90 122 73 75 97 97 100 2 83 102 99 109 2 113 
4 3 5 84 1 71 1 107 6 89 97 4 89 78 90 103 
67 1 102 107 
5 100 112 1 5 88 85 3 66 67 2 120 78 69 1 4 2 74 84 4 67 85 72 5 
84 3 5 5 2 101 4 83 6 117 81 76 5 85 
105 119 100 6 97 2 89 99 6 2 2 108 1 102 82 
104 89 118 79 6 106 5 108 83 121 2 3 74 74 6 102 2 75 107 97 6 80 4 81 76 5 78 2 6 6 3 1 66 6 72 1 1 79 111 99 104 
4 1 99 5 1 118 82 6 109 107 113 2 6 115 122 71 66 110 6 120 111 79 87 120 72 115 81 119 4 111 103 117 6 68 117 
75 90 1 104 5 68 77 1 114 90 113 6 67 1 69 78 3 75 109 103 4 80 66 98 6 111 121 2 2 6 2 
73 3 4 112 5 2 85 6 103 3 1 97 2 73 6 77 108 100 107 82 72 69 88 3 
1 98 6 1 79 1 71 6 
78 83 78 75 112 78 70 70 115 114 3 118 71 70 4 112 65 99 120 115 4 1 110 104 70 2 105 104 3 4 73 4 73 80 120 5 2 72 115 
2 75 114 78 2 80 6 99 101 113 77 104 6 99 5 83 79 1 4 3 2 111 1 6 109 1 81 108 119 99 73 103 4 116 6 2 103 106 116 78 71 4 6 
79 120 84 66 65 77 5 82 106 5 79 88 66 69 3 5 89 87 105 66 72 2 88 121 6 1 86 5 121 6 120 75 117 77 77 5 85 109 1 103 117 
107 90 97 67 74 120 1 3 2 109 3 4 122 110 102 83 118 88 6 88 103 100 86 4 6 90 6 102 102 103 6 84 102 1 4 98 110 114 86 1 119 6 73 67 89 118 
99 2 5 2 107 105 77 104 6 1 66 87 120 89 3 83 
4 5 72 112 84 85 2 5 122 81 2 103 4 101 81 119 5 3 83 77 116 109 86 101 80 119 80 119 3 4 83 83 70 104 103 113 119 77 87 4 74 90 82 5 73 
100 99 100 99 110 70 106 85 5 110 81 75 112 100 90 4 85 5 6 80 5 85 4 2 104 116 118 112 84 119 122 2 114 81 116 6 1 4 65 119 115 115 
85 2 5 104 121 110 65 121 81 2 89 3 83 88 79 6 85 88 82 5 97 6 120 65 71 107 112 
71 2 72 102 103 120 6 121 6 120 118 87 121 4 2 81 69 107 101 88 6 88 90 6 79 105 70 3 113 5 106 2 89 6 68 4 113 4 86 6 75 115 
4 121 5 110 2 69 118 78 121 72 1 3 6 65 6 120 107 5 117 4 77 114 1 86 83 3 3 
5 101 75 2 115 85 67 72 76 104 80 86 76 82 111 116 121 2 105 113 1 90 77 1 109 112 65 103 4 6 88 70 74 81 82 98 119 105 2 74 2 65 2 
122 66 112 109 89 114 112 81 86 100 1 1 5 97 79 82 67 3 121 3 114 119 106 117 
84 2 106 116 2 68 99 81 88 67 3 120 86 2 3 119 118 114 73 4 82 113 6 2 4 82 3 99 120 2 81 87 69 4 5 120 83 75 109 99 78 
120 67 84 118 90 1 4 3 67 74 6 112 100 85 104 97 1 6 70 77 2 97 118 3 102 80 111 69 3 2 6 117 75 72 90 73 90 6 101 4 2 112 114 
74 1 78 113 5 80 4 88 5 69 72 70 4 117 80 5 115 1 102 3 5 115 
1 77 76 89 116 66 89 121 1 74 97 88 122 74 6 107 1 87 
5 117 109 83 85 6 107 102 88 87 113 90 4 4 5 98 73 5 1 67 3 102 117 111 71 112 107 1 114 3 1 2 102 116 2 111 1 
1 84 72 3 6 118 4 106 5 117 1 73 107 
98 117 77 111 4 115 79 89 80 101 97 102 116 1 2 70 4 81 117 6 2 1 69 
89 2 114 97 86 84 89 116 102 2 77 6 80 2 113 82 3 90 101 104 81 1 74 114 65 73 1 
65 1 101 100 4 120 6 5 119 113 1 1 1 97 78 81 107 5 108 1 78 
1 66 103 69 102 1 84 73 6 5 67 4 1 74 104 
105 87 6 103 1 3 97 75 104 2 109 73 2 121 71 2 82 3 116 2 70 107 122 67 5 67 77 79 84 103 109 1 83 1 79 4 78 67 85 88 115 114 99 74 5 4 
71 107 81 103 2 115 107 110 107 5 89 116 97 3 100 89 120 88 108 
3 108 5 70 6 107 114 118 105 3 3 84 69 4 83 110 115 2 118 2 97 114 1 113 3 116 67 113 109 75 103 76 
65 6 114 76 101 78 102 6 86 102 5 82 112 100 2 110 2 6 66 1 6 107 
73 87 79 74 1 6 90 6 4 99 90 86 73 85 
105 89 2 101 77 121 116 101 83 68 1 2 108 99 5 6 90 116 81 107 114 90 117 100 98 85 66 1 6 81 5 3 
1 119 77 5 88 4 4 2 100 3 100 70 79 5 4 2 99 108 4 2 4 2 121 97 90 66 6 
1 119 3 116 3 99 112 82 74 3 99 5 120 88 4 85 1 75 1 118 114 72 72 103 110 5 5 75 5 102 2 110 81 100 88 69 66 87 2 74 2 71 1 109 122 89 1 116 
4 3 79 81 2 108 101 122 79 2 1 118 102 1 1 1 3 102 86 99 119 90 3 117 105 111 
1 5 122 118 86 101 119 108 105 6 75 5 5 112 1 84 65 115 113 88 79 83 109 122 71 3 97 102 72 82 120 83 97 90 
90 71 2 73 1 3 6 79 102 89 4 1 115 3 69 101 
105 112 6 1 68 4 5 101 77 88 75 5 74 102 5 5 65 
80 2 65 67 116 84 67 120 78 88 112 4 76 115 88 3 70 4 72 114 105 3 3 78 114 101 70 110 115 105 4 75 1 66 88 86 4 
5 5 6 4 1 2 3 105 6 116 79 5 82 79 86 2 4 1 5 119 5 4 121 75 115 66 100 65 6 
99 5 119 118 4 79 4 3 75 110 110 88 65 5 66 116 122 120 109 117 74 1 4 
74 81 6 105 1 86 4 82 89 3 107 97 74 90 72 122 88 118 65 1 6 6 98 
1 4 65 4 81 80 67 100 121 117 5 88 69 90 100 118 2 1 70 111 120 109 83 109 4 87 3 6 
66 118 75 2 4 105 66 121 104 87 73 71 98 3 6 6 80 3 82 90 69 80 5 85 86 3 2 119 1 3 106 5 86 113 71 116 
114 5 6 122 4 101 110 6 3 83 118 2 114 119 83 103 5 5 5 114 83 109 110 2 100 68 5 67 4 106 6 73 4 100 113 116 3 3 104 73 108 4 78 82 1 79 
98 76 77 79 100 107 80 111 84 3 6 105 121 6 76 66 4 117 5 107 5 117 3 2 69 88 4 110 68 75 99 73 111 86 4 86 105 99 78 3 1 6 101 3 72 3 
2 80 119 6 2 69 87 2 65 86 79 4 2 5 74 115 70 68 82 88 70 
119 103 76 6 111 105 107 2 90 3 110 5 84 79 3 98 79 90 69 71 117 122 5 82 80 117 99 65 109 121 1 
1 65 74 6 81 3 80 72 75 2 78 77 85 75 69 107 68 88 72 113 90 120 5 106 2 77 102 104 72 83 6 112 77 5 90 104 80 3 83 68 
117 100 73 71 5 4 5 100 116 83 85 4 71 3 77 112 99 5 86 4 99 
85 106 113 88 74 2 4 118 100 90 6 6 2 98 66 6 88 4 
68 77 77 1 
4 2 83 4 84 6 79 104 1 106 111 69 75 107 104 4 86 119 5 77 73 5 3 83 122 120 2 117 114 2 5 115 72 4 4 66 106 4 68 68 2 4 97 97 114 
1 71 85 89 5 118 3 2 111 69 66 4 65 1 100 119 107 114 6 112 107 84 3 85 119 114 1 110 6 97 102 102 2 2 
4 108 6 6 98 66 4 81 77 116 68 71 74 114 70 5 69 69 65 66 72 113 69 115 102 112 89 115 3 78 3 4 6 122 89 72 105 88 73 3 79 105 68 3 86 67 87 
107 67 78 117 74 108 106 6 98 5 83 111 70 
71 118 4 67 101 90 111 97 4 88 6 85 100 66 2 111 6 71 113 3 115 5 99 6 2 87 6 89 6 3 89 99 80 82 90 81 119 121 89 109 
67 103 114 69 6 1 103 68 65 6 101 97 2 79 4 6 83 122 100 5 87 79 2 74 
105 3 83 74 3 80 6 
111 83 84 69 4 70 108 79 114 71 69 77 66 103 6 65 5 86 69 73 113 81 6 6 6 103 2 4 109 85 105 2 77 122 77 3 
4 113 4 
108 2 77 110 82 4 2 120 2 82 109 90 116 1 83 2 4 112 66 85 111 108 4 3 83 116 1 79 5 5 110 66 119 100 116 85 4 86 5 2 97 
72 3 89 105 83 3 69 74 83 105 2 79 103 120 1 3 114 4 6 74 3 113 3 6 1 122 65 
78 117 72 88 2 119 2 117 112 78 3 85 66 1 88 98 4 71 116 119 71 67 71 80 115 1 1 107 88 80 78 109 1 
104 70 75 4 116 78 122 66 5 83 121 6 110 80 1 113 86 4 3 75 73 65 72 99 86 1 5 83 2 66 119 1 82 117 3 103 113 115 2 66 66 5 2 105 1 101 119 79 81 
4 6 3 65 101 103 106 6 70 3 69 
4 118 83 1 68 3 83 5 86 108 2 114 101 89 6 2 73 82 6 4 
97 1 109 83 
97 3 89 106 100 116 80 88 115 6 65 4 3 66 3 6 65 6 3 2 
87 77 65 70 4 2 3 4 3 86 109 104 2 87 83 105 73 
1 4 6 110 6 1 90 122 108 69 6 86 119 122 3 2 76 107 116 1 2 88 70 75 102 89 86 77 105 98 117 89 82 6 71 68 74 119 69 
5 114 107 72 65 73 2 111 104 116 122 72 65 66 116 81 115 5 85 70 1 81 73 5 72 6 66 104 69 105 67 77 3 98 6 71 3 98 98 84 
72 79 118 88 1 4 113 72 102 72 1 116 76 80 3 3 107 6 67 4 2 97 67 81 85 4 74 109 109 101 1 118 5 76 85 68 
1 6 79 5 115 118 6 78 4 77 114 105 109 6 67 112 3 109 72 3 
115 5 118 78 88 6 1 4 1 4 86 117 2 89 2 69 73 79 81 
83 6 112 89 80 70 1 87 114 121 1 3 1 110 115 83 113 108 113 6 122 118 6 76 4 118 90 87 6 4 101 84 2 4 83 121 5 71 
68 88 116 122 74 76 6 113 2 6 4 80 1 2 6 5 83 1 3 1 2 3 86 121 103 86 115 86 4 4 89 76 118 104 72 2 109 4 
4 76 1 70 80 102 70 2 5 111 121 111 5 82 4 70 105 80 98 6 97 85 100 69 111 104 115 111 76 2 82 4 81 
83 72 90 103 5 
81 6 73 5 72 5 85 1 80 99 6 119 6 107 3 107 98 105 3 6 89 114 110 112 104 74 84 5 3 116 86 77 122 3 5 4 112 74 121 117 103 78 119 97 107 106 
5 72 100 4 99 2 4 4 
75 1 1 3 75 67 106 105 104 108 4 75 65 78 6 88 77 118 3 3 116 109 118 100 116 88 5 
4 102 4 6 6 78 6 100 90 90 105 120 83 111 85 4 6 115 67 114 87 108 73 119 108 119 6 105 106 3 75 76 4 65 111 77 105 98 90 120 3 81 79 66 75 
5 103 90 118 99 113 
118 3 5 71 86 86 69 112 5 81 1 6 67 4 6 81 5 87 6 1 65 5 
100 65 3 5 76 4 83 6 2 67 111 89 121 2 107 6 111 2 75 98 69 100 122 
108 68 100 66 6 2 1 69 85 78 6 122 69 65 110 120 6 104 5 103 4 1 81 4 117 1 79 82 108 1 108 2 103 4 100 
3 5 1 2 69 3 107 2 83 6 4 6 110 78 
67 1 105 5 97 3 6 3 5 85 3 1 89 77 74 3 84 99 5 70 81 79 107 114 90 3 121 72 78 73 101 85 117 117 1 1 100 115 1 80 75 114 98 2 6 
107 82 2 6 109 
69 76 6 
4 69 122 
98 69 111 6 73 1 1 90 1 118 68 100 2 1 2 4 81 1 98 98 118 67 72 110 5 112 98 121 100 4 104 71 118 84 115 73 6 1 82 119 109 122 
4 4 118 1 5 82 119 77 82 118 65 6 76 4 106 113 85 108 6 100 2 69 2 83 67 4 2 68 1 3 71 121 1 115 121 5 88 79 89 68 121 6 
72 6 65 78 114 85 109 1 79 80 116 114 115 119 109 90 65 77 82 121 1 122 90 117 102 116 6 4 4 
4 84 106 72 103 101 66 5 5 6 119 2 5 87 2 1 90 2 103 100 6 102 81 72 68 4 1 120 2 
119 4 118 82 1 
74 3 120 71 113 111 103 121 106 87 121 5 2 66 66 111 3 118 2 111 2 1 85 85 115 
3 107 75 90 2 70 
2 88 99 5 81 121 97 2 6 84 121 111 4 81 105 5 69 118 81 3 6 3 102 83 86 80 81 75 83 73 3 120 6 74 85 80 77 4 122 85 90 98 6 104 81 72 1 
108 99 6 98 1 3 102 68 89 102 114 89 4 105 3 112 87 72 4 5 110 74 6 2 70 108 6 
119 69 77 69 3 77 104 112 71 2 69 84 6 5 5 3 84 107 3 2 73 6 106 6 69 67 80 
83 6 114 90 69 74 75 1 67 90 100 112 82 104 1 
121 98 89 76 2 106 1 72 98 81 75 69 99 70 99 82 5 4 5 99 104 115 6 4 85 
4 78 89 68 85 2 6 5 100 98 6 3 5 2 79 83 118 6 3 67 4 87 5 113 97 79 109 87 2 3 111 66 116 89 79 74 4 81 117 97 66 
6 118 81 102 97 2 99 90 119 117 108 118 3 102 87 121 117 99 72 5 67 3 87 2 118 101 82 108 83 2 122 72 110 107 65 5 71 6 5 79 84 67 119 
3 74 3 89 2 112 3 65 69 79 97 1 67 107 117 105 74 117 111 122 117 99 70 106 118 3 3 110 122 2 122 1 112 
103 118 6 114 85 104 2 69 100 114 80 122 75 118 114 
122 114 79 3 2 73 71 
89 6 99 6 112 1 6 1 1 103 83 87 3 3 1 109 116 107 85 80 4 98 88 69 99 1 68 
77 113 105 110 82 121 113 2 103 5 2 81 114 85 3 6 105 82 1 5 4 98 1 2 6 105 101 104 77 90 106 119 4 77 117 3 113 3 69 111 100 103 70 
78 3 75 2 109 99 2 122 6 65 89 121 66 79 5 107 79 117 67 3 2 121 3 67 77 2 70 90 4 1 84 116 3 110 3 83 80 66 77 80 98 1 5 
67 2 97 6 99 105 112 5 107 102 2 1 85 70 115 6 5 108 5 84 101 76 103 70 83 6 
1 5 107 73 1 3 90 121 4 1 3 113 69 84 107 6 67 68 69 3 65 77 106 5 
81 2 6 116 70 110 79 118 65 2 99 
87 84 102 6 5 104 3 90 2 101 80 2 119 100 4 5 99 76 5 6 122 5 98 76 69 81 76 1 102 79 112 107 6 116 108 5 
1 6 87 84 86 108 122 87 72 4 6 117 98 107 103 103 77 81 72 6 68 72 3 76 113 67 117 73 6 5 113 
122 83 5 67 118 5 108 4 4 72 
88 1 77 74 87 108 67 99 117 73 3 84 105 113 5 6 4 1 80 2 6 2 69 69 4 88 1 103 68 5 113 2 85 111 5 90 90 87 103 
122 121 4 78 
108 73 88 5 105 84 69 105 
117 5 79 103 1 103 106 118 3 121 66 2 100 116 122 2 6 6 72 5 71 6 1 78 117 1 2 85 1 105 75 88 1 70 71 106 116 99 6 97 
6 89 76 100 109 103 115 109 80 112 103 81 112 5 3 78 114 76 1 122 108 80 74 5 90 115 67 84 71 119 107 71 119 6 119 
65 75 83 98 
99 4 65 110 2 97 75 81 119 97 98 6 100 4 122 72 97 111 76 122 84 118 102 4 120 
74 4 2 107 88 101 74 5 71 81 
118 85 98 6 119 6 67 75 83 88 4 111 1 5 5 79 65 106 4 81 79 79 84 4 6 104 84 74 88 89 86 5 114 5 80 107 111 87 
108 67 120 3 88 97 5 4 68 75 122 85 5 79 4 6 109 85 113 3 4 85 110 89 67 
6 121 77 6 122 120 86 5 6 2 119 6 89 115 1 113 1 76 118 1 
70 105 84 105 103 99 73 74 1 5 73 111 78 77 5 69 116 86 105 108 2 71 3 84 79 6 122 1 115 67 122 97 113 
76 77 76 76 69 6 4 87 90 80 70 101 5 6 118 83 90 78 4 105 3 6 70 115 76 114 86 106 4 3 103 103 87 1 110 117 103 75 2 6 6 76 72 
2 85 68 4 6 103 80 83 100 66 4 71 115 86 3 4 97 4 82 122 108 4 70 101 73 115 121 101 69 6 104 89 3 89 5 78 78 116 68 3 81 6 77 114 2 100 71 3 
101 70 79 2 116 98 102 105 122 83 102 5 3 3 4 122 114 106 5 89 2 5 3 69 
1 2 111 76 75 6 102 97 1 103 2 4 100 88 3 3 1 86 118 5 1 88 85 6 73 4 6 1 1 2 81 111 87 70 2 107 65 113 107 119 5 74 
78 101 113 108 122 2 65 104 69 75 5 1 73 4 99 67 108 105 100 122 1 90 2 
5 65 98 1 
2 72 122 106 101 1 1 1 74 81 2 1 1 
4 117 120 74 99 102 90 102 6 113 103 89 72 2 116 
107 102 76 70 75 109 4 5 1 105 5 116 101 102 6 105 69 82 4 75 74 2 104 70 87 120 6 2 4 4 120 102 6 89 5 100 80 6 1 5 101 118 71 115 97 116 4 107 
4 101 83 2 104 6 97 111 79 101 89 82 76 110 115 5 120 110 2 75 110 102 68 107 99 2 72 122 87 104 109 71 1 89 6 69 3 
90 90 101 116 5 76 110 107 114 97 122 70 3 73 76 1 118 113 1 87 88 3 86 6 67 99 3 6 5 5 72 70 69 5 4 70 3 4 87 3 3 68 4 86 77 88 
116 5 86 77 88 
66 100 97 3 4 5 117 74 89 4 5 87 1 78 65 86 102 5 87 86 114 108 103 6 76 111 107 107 82 101 112 
121 108 112 
88 5 102 85 
2 84 104 68 106 5 97 112 118 84 88 112 73 66 82 83 97 99 79 100 87 113 109 119 115 109 98 80 6 85 97 1 74 76 2 71 108 4 
6 112 104 72 4 5 3 90 3 1 121 120 4 122 114 106 3 69 89 107 6 84 112 
78 122 118 121 6 5 6 1 76 81 78 104 81 88 1 1 85 122 108 106 1 116 73 74 99 117 103 70 6 6 74 74 111 4 
119 4 87 119 98 111 4 113 5 100 73 
6 4 122 74 122 2 71 70 70 106 108 73 1 
70 77 4 65 98 88 2 68 68 121 115 110 4 1 72 4 121 81 76 80 109 
6 73 111 4 88 119 81 89 101 4 106 70 3 80 111 3 87 77 6 81 103 1 6 6 99 68 99 115 6 66 4 4 
4 2 3 100 108 99 84 114 78 84 1 6 110 76 102 5 69 87 103 122 67 5 
107 5 6 2 2 103 69 119 6 88 6 114 85 82 77 84 74 84 3 85 100 6 114 100 77 66 107 6 6 114 2 98 3 2 122 4 111 116 113 104 83 82 107 6 89 
5 1 1 71 4 5 84 1 116 77 3 2 115 1 68 4 4 99 69 72 6 101 86 120 80 110 112 71 80 3 103 5 83 88 82 4 
6 108 4 77 99 79 83 113 3 74 1 89 5 88 109 5 83 4 4 105 71 3 3 2 6 106 103 
104 4 86 5 109 80 2 6 65 78 
108 109 6 2 2 4 73 3 85 107 78 89 68 97 80 2 98 1 102 104 121 76 118 89 6 3 104 107 
118 99 84 104 82 108 100 81 6 65 
117 3 102 114 118 77 104 98 1 100 110 5 122 2 89 108 120 113 111 100 3 5 117 100 6 6 104 73 98 68 6 2 79 3 81 73 79 106 5 4 76 84 113 
6 65 115 102 70 6 69 1 66 6 6 106 115 3 122 1 4 77 78 116 69 122 3 99 112 111 112 103 115 119 77 108 106 2 3 122 69 109 65 97 72 77 71 
77 83 73 113 103 3 5 78 4 78 4 69 82 6 109 3 1 70 114 
66 72 113 76 71 4 
3 82 87 74 89 107 5 111 3 105 5 
3 72 5 1 105 81 5 68 104 107 83 78 3 118 1 4 100 78 2 68 115 4 3 67 5 3 105 120 68 
5 113 119 108 1 112 107 4 
98 4 108 1 120 4 
68 114 2 5 6 88 89 112 1 102 79 4 75 97 
2 116 115 101 81 4 97 84 122 82 109 1 1 120 66 72 6 112 85 6 121 115 80 76 101 2 3 79 79 97 79 
1 4 105 89 89 120 2 118 110 4 87 77 106 110 89 113 
2 3 106 4 6 122 6 122 80 116 3 4 71 6 4 1 82 119 113 1 114 105 81 4 6 1 70 87 112 
112 2 101 2 4 76 72 77 112 73 81 72 100 2 70 3 99 3 118 109 111 3 111 74 6 112 
67 78 82 
6 108 121 2 66 89 83 105 106 70 67 85 2 5 6 2 6 98 84 84 114 5 122 6 6 
70 5 2 106 75 70 4 77 3 65 80 70 75 6 102 2 4 1 74 107 1 85 3 66 110 122 114 115 6 121 78 97 108 1 122 
101 97 2 1 1 6 88 87 4 72 105 3 120 121 3 103 114 2 4 109 99 115 102 77 116 1 117 1 67 4 85 89 80 1 76 76 3 104 
1 1 67 83 74 6 84 3 78 87 89 98 66 6 83 107 5 99 6 6 66 5 85 5 72 80 109 6 5 1 120 102 83 1 6 3 3 80 3 
76 75 118 80 101 115 107 115 5 68 105 2 68 75 1 74 113 101 89 
2 6 76 118 82 
77 1 82 74 106 101 2 2 2 70 1 90 74 4 71 6 4 105 4 75 103 5 83 81 109 5 87 119 3 99 121 
78 2 99 106 5 75 1 5 70 
1 3 1 77 114 108 4 83 5 98 85 1 107 6 86 88 5 4 72 6 2 67 2 85 119 2 100 5 84 67 103 89 113 6 110 
3 78 120 97 66 6 1 72 4 117 85 3 83 4 87 90 1 67 78 72 
119 122 115 65 6 77 
3 98 89 5 67 99 6 82 1 102 76 6 110 119 107 72 76 3 117 72 1 97 
4 66 84 3 6 73 73 100 79 81 98 103 66 82 6 1 116 98 117 75 70 5 120 4 6 73 1 4 65 3 77 6 84 109 98 99 89 5 5 74 115 83 3 6 71 110 69 105 73 87 
107 114 6 4 3 112 4 1 2 98 2 70 6 4 5 4 116 87 119 85 116 4 1 66 1 81 100 6 89 
107 119 2 1 68 100 71 97 105 4 115 105 120 109 99 75 103 
3 75 6 4 97 4 108 4 117 6 3 
4 112 1 5 6 100 
4 106 69 6 116 120 69 2 6 103 69 4 83 5 118 2 70 1 88 5 111 108 113 115 117 105 88 3 88 67 73 106 87 78 65 89 4 118 1 
71 82 86 121 6 3 78 107 100 4 77 109 3 65 6 106 117 106 75 83 65 69 1 74 69 109 4 6 3 6 6 
5 118 110 89 73 119 118 2 117 122 100 105 5 1 77 108 6 
103 68 2 73 107 79 72 5 69 113 74 114 97 6 6 
111 109 4 106 80 73 1 71 2 2 83 104 105 74 2 117 3 
66 1 87 106 73 2 75 89 6 80 108 106 77 
6 109 78 
1 4 3 104 116 107 4 76 6 118 1 1 6 3 67 109 82 103 77 100 2 83 5 1 98 3 4 85 1 
105 102 5 89 4 85 115 77 109 100 102 1 3 100 104 104 68 4 86 100 69 3 4 3 6 102 82 99 119 3 112 6 6 115 6 3 68 89 4 5 78 87 66 112 
1 83 1 2 78 90 71 1 90 83 117 6 3 100 6 85 3 77 3 2 1 68 65 4 115 115 68 6 71 107 3 5 5 118 6 74 
117 111 4 5 101 97 108 104 68 70 76 110 81 107 105 78 71 119 79 114 71 86 3 88 3 2 100 113 74 76 85 108 6 104 5 106 99 99 4 
6 105 104 102 89 74 66 4 1 73 108 2 76 103 3 105 118 66 103 67 65 98 69 107 1 81 2 103 72 122 2 85 3 6 74 5 69 89 2 3 
109 66 72 109 71 
5 4 68 122 106 3 84 77 81 78 66 2 66 4 1 105 83 6 104 83 88 73 
83 4 4 67 1 115 4 4 6 5 6 5 66 2 98 83 65 105 4 3 73 98 72 102 77 97 99 81 74 67 80 69 78 70 2 4 1 116 73 72 5 
80 82 113 97 85 4 2 72 110 84 78 76 67 1 2 115 79 89 85 85 107 1 5 77 83 1 100 4 97 6 6 81 72 84 2 87 82 3 72 73 4 
90 69 119 83 121 66 68 107 80 117 111 2 120 69 98 122 3 117 101 2 1 65 5 65 110 88 1 
116 3 6 65 
83 3 1 2 119 2 115 99 108 82 115 3 5 2 77 118 5 97 79 5 99 1 75 3 114 113 72 1 84 1 68 3 120 6 118 4 3 6 
1 120 89 104 121 106 111 65 78 74 109 72 106 5 117 75 5 121 2 114 86 69 66 66 6 78 108 84 1 120 3 2 119 108 67 
83 6 3 77 6 121 4 5 88 3 122 86 3 88 103 1 4 76 4 5 99 107 69 107 103 5 3 70 103 5 82 115 70 108 3 5 114 1 6 88 104 115 115 86 70 1 72 
122 3 4 70 3 97 68 81 112 66 68 108 79 119 100 6 81 1 6 114 4 6 66 3 67 106 102 3 
3 5 81 119 65 104 89 77 68 79 102 112 82 74 72 88 86 107 83 79 5 5 82 121 117 82 105 114 119 6 3 98 68 3 117 2 5 88 85 2 3 
1 73 111 2 119 68 75 5 1 113 5 69 100 104 112 82 117 107 119 108 76 66 78 112 108 3 4 4 6 80 102 
5 5 89 1 85 4 114 79 103 5 108 121 83 1 1 99 2 2 77 110 72 109 71 79 85 107 121 114 86 5 106 3 5 69 121 66 80 100 106 84 3 117 65 83 120 109 1 84 65 69 
99 117 77 114 90 120 81 5 105 6 83 73 71 117 122 120 2 4 
2 101 90 100 69 104 6 76 108 84 6 6 81 122 102 79 75 113 1 98 73 115 4 103 3 82 76 119 68 68 4 
121 110 73 80 114 108 5 5 120 118 97 2 107 99 77 71 4 103 116 121 3 87 5 84 119 87 111 110 86 72 3 89 86 68 120 76 2 104 
79 84 105 74 103 74 78 79 70 
112 101 67 110 102 106 113 108 101 81 82 82 106 5 1 5 74 110 71 77 76 117 66 4 5 87 113 115 5 114 115 75 6 108 6 2 103 67 6 67 3 
122 111 66 105 112 66 113 83 115 2 4 1 67 3 114 66 6 113 4 
97 114 107 6 75 6 4 1 3 110 4 4 69 70 100 3 101 1 121 3 6 97 99 101 78 1 99 3 118 6 97 109 79 97 6 79 75 3 3 105 112 105 81 87 109 122 84 4 79 117 
116 108 110 66 107 6 120 107 76 6 76 111 104 115 107 6 110 5 5 68 6 6 1 5 100 110 115 84 4 89 103 118 109 6 3 78 
113 76 90 103 3 98 101 114 90 3 1 1 108 4 3 105 71 85 98 107 110 104 116 3 77 1 87 5 73 112 83 90 103 101 5 4 76 5 118 4 79 80 113 
77 4 2 66 77 97 69 4 6 3 75 5 105 114 3 111 120 82 77 101 116 6 75 107 86 70 108 3 89 98 69 100 6 83 83 1 1 4 103 99 4 121 110 69 100 3 1 
100 6 112 75 6 
70 81 77 4 72 5 88 116 69 112 122 6 86 108 4 75 80 104 99 77 116 74 89 78 120 6 75 1 108 69 105 77 114 76 117 5 2 84 74 
116 76 105 6 101 
99 6 89 2 83 122 1 3 1 109 76 78 116 2 102 5 3 97 107 69 88 102 1 76 110 121 112 70 111 5 6 75 71 121 75 2 1 122 115 72 115 77 105 5 80 87 69 6 
108 5 88 1 79 119 90 71 116 6 71 90 119 121 81 1 109 108 70 78 106 1 2 101 71 71 120 1 
72 1 105 3 119 4 2 2 113 3 82 83 2 66 5 87 112 69 108 67 1 6 1 1 3 72 72 90 80 103 4 2 6 114 1 116 116 2 
101 5 117 80 71 74 3 4 1 3 6 74 85 6 72 119 3 78 98 1 109 119 5 6 88 100 108 105 3 79 75 4 76 85 67 115 98 100 82 2 109 101 
83 6 1 73 83 107 5 2 
5 119 2 3 79 5 65 5 66 1 107 5 107 89 119 70 77 104 1 6 75 97 72 114 
107 102 77 6 112 65 86 77 2 6 6 4 104 3 122 114 71 71 89 69 3 83 4 78 4 74 5 6 
84 85 103 117 88 88 5 103 106 105 6 2 5 103 2 104 99 69 118 78 103 6 78 90 98 77 85 104 3 112 72 3 72 77 106 100 2 85 80 
107 108 86 108 113 4 3 76 110 4 74 90 5 1 5 6 6 106 74 4 114 99 3 89 71 103 5 6 69 100 106 2 4 2 6 112 
73 109 1 119 71 79 6 119 66 97 78 4 68 117 84 112 101 2 81 82 110 103 4 110 2 
69 114 121 66 82 68 4 113 81 1 84 76 100 74 120 117 98 78 3 2 6 6 115 2 81 70 1 73 5 110 121 83 73 109 75 87 97 2 120 116 
82 115 74 104 71 100 118 4 65 6 5 81 88 2 4 5 122 3 105 111 112 70 120 2 110 70 
4 2 4 80 68 103 109 4 5 5 86 5 
80 116 116 65 117 87 70 5 83 117 106 82 5 110 81 84 99 110 5 3 6 121 87 86 
72 97 4 1 3 2 89 81 114 117 100 89 5 122 107 86 
72 122 120 67 74 97 70 
117 72 2 74 5 3 5 82 6 69 86 67 79 78 2 4 119 102 89 104 4 97 5 118 102 103 
118 1 120 86 116 2 2 81 83 79 6 6 5 1 116 88 67 
83 101 6 68 73 2 87 112 1 6 118 86 89 115 115 69 77 118 5 71 101 77 3 2 2 6 5 4 121 6 77 
115 88 67 5 78 119 118 117 74 77 4 118 6 89 4 111 1 6 70 2 114 73 102 1 6 71 116 101 108 82 5 82 3 117 104 78 100 4 78 105 107 121 2 1 65 71 5 105 109 
3 4 85 5 103 97 119 98 107 2 6 115 80 77 5 3 97 2 4 83 3 112 82 2 4 104 69 4 6 3 5 73 118 101 2 6 107 109 1 115 76 83 
2 6 114 82 99 101 79 112 112 97 
4 75 110 78 1 6 
87 3 73 120 106 111 1 2 79 112 68 119 82 69 69 84 6 72 112 5 4 105 1 105 72 
6 73 2 116 72 102 115 113 1 119 68 2 114 118 1 117 6 76 90 85 2 3 66 99 104 66 84 108 88 121 2 5 87 80 102 2 108 3 85 82 5 67 100 83 5 3 119 84 115 
98 99 4 3 6 5 89 83 81 86 2 4 115 82 1 
119 105 4 4 88 99 104 68 68 70 2 118 81 75 1 110 6 5 109 2 117 73 2 6 6 6 70 77 71 102 101 2 69 119 5 1 108 1 116 4 65 4 120 
105 6 75 5 4 3 99 81 79 79 89 89 110 119 4 104 115 5 113 106 115 87 84 112 2 65 85 109 3 
97 3 71 72 83 110 108 99 120 
1 114 70 1 88 5 
5 72 72 4 88 4 86 81 86 2 5 98 4 73 68 108 76 6 6 81 6 76 82 6 2 108 70 5 75 3 2 103 112 2 80 
5 111 2 120 77 114 115 5 114 102 88 83 116 85 4 1 121 6 6 102 122 74 70 
84 2 118 4 67 5 78 2 86 2 6 66 84 90 3 
4 2 109 79 114 106 88 100 1 107 101 6 86 5 2 79 3 102 100 80 5 1 87 67 77 68 98 6 114 85 98 121 6 2 97 2 3 75 103 85 3 6 68 108 
120 88 100 115 89 101 114 3 5 100 115 1 2 90 
2 120 5 122 78 82 104 117 5 76 85 99 2 2 84 66 82 84 6 75 99 115 107 5 90 4 110 100 111 
72 5 71 3 121 98 89 84 103 121 3 86 97 73 84 5 4 114 90 102 5 111 97 84 72 3 81 111 119 
1 69 66 112 84 68 69 117 105 80 3 4 116 4 122 103 102 4 4 114 83 97 113 86 81 6 82 5 4 101 101 
102 2 99 98 111 122 109 68 2 113 67 122 6 120 3 67 3 103 104 78 88 85 4 119 5 2 100 1 1 67 
90 1 5 2 5 86 83 1 85 102 116 2 104 118 72 74 87 117 122 2 82 1 81 114 5 90 69 66 3 78 103 67 5 4 71 106 1 119 6 67 74 1 110 
101 4 99 97 69 84 117 108 108 6 1 65 79 89 4 68 103 4 3 
101 118 6 3 6 85 122 69 1 114 101 76 5 103 5 104 2 4 83 75 78 106 
70 2 65 88 119 100 67 90 5 1 5 
72 109 4 75 102 68 67 109 113 90 99 81 114 110 88 119 4 4 4 75 73 108 2 100 116 109 71 105 109 5 5 81 1 85 109 72 101 114 108 113 109 2 4 79 3 
77 101 106 86 122 117 66 78 5 
118 87 112 98 74 1 117 4 106 81 103 113 109 
1 121 90 81 
6 68 116 85 118 103 102 101 103 87 5 116 120 6 79 65 87 107 78 69 77 89 4 2 103 5 89 111 6 117 3 75 82 85 108 68 67 97 5 69 89 110 114 121 83 1 
6 104 6 71 80 86 5 2 83 80 73 86 1 78 3 88 102 78 78 82 5 73 71 2 4 80 3 104 122 107 88 121 68 4 2 81 2 109 1 2 6 2 78 2 
108 5 4 78 86 5 1 77 74 6 110 98 66 80 79 
67 65 104 104 5 76 6 112 65 97 89 119 114 67 99 121 3 105 81 65 119 3 89 118 110 2 5 77 100 97 5 110 4 1 2 5 2 114 107 85 122 90 5 4 
6 111 100 101 76 3 89 110 102 109 71 99 100 6 4 118 114 89 102 108 4 83 88 1 76 110 84 
3 83 1 99 6 68 6 82 100 5 82 84 65 5 2 106 100 
120 85 71 73 102 117 4 104 5 
1 103 106 3 4 1 107 75 78 72 102 111 97 6 104 89 5 97 90 
100 3 115 78 2 79 
2 6 74 6 102 6 1 3 6 119 111 100 97 2 103 90 66 3 116 81 66 1 110 3 1 99 72 109 75 
4 117 105 83 5 4 121 6 
114 74 72 
121 5 98 113 116 110 76 3 6 4 111 4 99 1 79 104 80 1 79 4 4 104 6 87 117 83 117 82 1 71 69 106 3 1 112 4 4 
1 108 97 115 72 114 71 117 122 79 67 71 4 75 104 3 6 75 86 99 1 5 70 117 71 77 6 4 3 108 73 6 84 1 83 68 83 115 5 4 1 1 79 119 111 100 
73 68 6 5 6 65 1 66 1 108 4 67 77 
88 71 113 89 71 76 77 5 100 3 78 2 4 65 6 4 111 108 5 2 70 1 78 78 84 98 6 105 3 109 81 112 111 76 5 67 4 6 3 68 
105 1 5 87 110 1 106 102 81 108 2 121 105 75 85 105 3 107 79 6 119 1 4 81 113 2 6 
106 110 110 107 
3 89 82 5 83 1 122 113 3 97 3 112 1 117 4 115 1 111 88 109 86 2 3 4 111 77 2 2 122 4 74 2 87 1 5 113 85 5 
121 116 6 5 76 77 65 5 73 114 1 6 104 1 73 110 6 6 6 3 77 109 5 112 2 79 3 107 70 1 4 112 121 65 99 4 117 69 97 65 72 81 68 104 122 74 82 
72 5 82 73 100 3 6 3 121 79 74 4 2 5 111 72 6 108 84 109 2 71 5 117 1 78 77 65 82 81 111 101 89 122 
3 109 1 118 1 3 89 65 80 89 108 97 4 
119 1 65 88 80 1 2 6 68 5 84 4 
115 101 122 3 1 108 89 109 121 1 118 116 90 85 110 112 116 75 75 1 75 117 2 75 110 5 104 
79 86 121 103 
104 3 106 86 1 1 99 76 2 4 2 122 107 6 75 112 115 119 84 3 82 3 
122 4 1 3 68 6 3 107 83 102 109 86 65 110 121 79 4 113 109 103 78 5 3 3 3 114 115 103 119 
106 67 68 83 83 87 104 117 113 117 99 5 88 109 73 110 5 67 5 102 82 72 6 77 118 2 109 106 116 73 119 4 118 72 118 104 108 113 75 119 90 99 
111 118 2 5 4 1 6 6 2 86 6 108 2 1 4 83 84 99 108 3 1 75 84 107 66 
4 81 99 72 3 6 67 2 99 109 114 117 5 113 1 71 69 1 97 117 4 114 3 
6 5 115 90 78 6 99 5 4 6 114 99 74 79 112 71 100 72 6 3 1 5 1 121 104 5 5 113 66 97 77 110 2 1 
69 1 100 73 116 85 6 77 67 122 98 109 98 107 
3 4 3 
110 102 119 73 103 65 83 80 3 73 1 
72 84 118 105 6 4 88 81 2 6 3 109 84 83 3 117 3 4 4 74 69 121 114 84 71 5 103 71 78 68 3 78 78 4 6 83 101 79 4 2 6 88 67 
120 78 65 70 115 3 105 88 80 78 105 111 102 69 1 6 4 88 113 86 1 83 116 120 112 113 89 110 4 112 80 98 99 102 2 76 73 86 5 78 6 3 81 1 77 
113 68 75 75 4 4 6 121 122 89 86 89 110 98 1 72 120 107 100 89 84 110 5 107 108 5 119 108 112 66 87 79 106 107 108 102 2 97 118 5 66 5 1 
85 6 89 2 78 80 121 4 111 76 1 77 116 3 4 72 120 113 6 83 66 80 6 
5 6 71 90 2 88 72 106 76 68 103 1 80 66 4 71 75 4 1 3 80 112 66 4 105 4 121 67 118 84 65 116 69 5 117 66 3 111 
3 3 81 108 1 4 4 83 6 2 108 107 121 4 6 106 81 3 99 85 107 4 90 66 84 6 114 108 118 119 2 103 113 68 5 82 2 3 69 106 6 
2 81 4 87 65 115 104 72 115 6 104 110 1 73 
72 114 2 117 103 2 84 6 115 88 80 105 3 117 68 120 4 70 72 88 67 87 81 117 1 108 6 2 6 2 
2 76 1 5 2 104 65 79 77 110 4 110 73 114 80 66 70 77 1 4 71 113 2 76 109 115 113 75 1 110 
6 105 112 98 101 77 
6 68 111 120 67 70 80 6 86 108 112 116 114 4 74 79 3 71 5 4 6 73 6 
74 82 111 3 3 109 1 72 105 67 120 116 6 77 6 84 1 1 70 3 116 108 109 83 4 119 109 119 102 84 2 118 84 75 71 116 111 
112 66 79 2 73 5 2 4 74 120 4 82 110 111 1 90 84 103 75 6 108 3 101 5 71 86 97 101 3 89 70 79 102 
108 74 5 66 2 65 2 116 68 88 114 6 77 104 100 102 3 85 118 68 3 101 5 118 72 116 121 78 101 102 3 118 6 119 66 83 98 4 68 3 99 113 
89 104 2 3 5 3 111 82 2 118 80 119 100 99 71 89 103 66 4 85 120 4 98 99 3 116 69 84 115 70 
77 87 82 110 6 99 4 68 97 88 2 5 5 2 1 3 6 6 111 103 89 116 84 84 1 3 90 85 1 113 85 3 66 104 5 119 101 110 6 68 112 75 
67 5 103 87 86 6 6 3 90 102 104 117 6 71 85 72 1 4 102 73 104 
78 101 3 121 4 115 116 6 100 66 3 71 5 85 115 114 
3 71 85 104 3 108 118 88 1 88 72 114 1 5 103 3 75 6 2 101 3 109 1 121 
1 115 72 117 116 2 2 80 107 74 102 6 4 74 69 68 4 6 5 67 68 4 119 72 79 1 118 78 79 3 3 2 100 72 104 122 83 1 98 71 70 3 69 104 79 122 
2 3 121 112 3 1 2 106 90 72 2 114 121 115 85 6 98 119 4 72 85 84 5 76 1 3 107 4 2 73 2 2 71 3 65 82 109 70 113 2 120 
107 1 99 114 86 117 65 101 104 66 122 109 71 83 78 4 6 5 81 111 103 4 5 102 3 75 6 79 79 114 2 72 4 
70 71 77 2 105 1 3 
80 102 97 65 78 1 5 113 68 3 82 99 1 1 6 3 74 104 118 4 70 70 79 115 70 120 5 109 97 5 
90 118 107 4 115 4 97 71 121 118 
5 100 116 115 5 107 67 79 85 4 6 120 111 119 6 4 88 108 107 5 4 99 102 2 3 73 119 66 6 5 101 6 87 65 86 112 121 104 
78 68 117 5 78 67 101 3 6 6 106 117 74 121 86 1 117 
111 73 100 68 3 72 76 1 113 65 80 78 84 3 72 71 103 6 120 99 6 98 73 122 5 1 83 69 2 6 72 103 2 6 104 121 6 117 80 85 87 118 100 
114 121 5 102 102 106 2 5 88 120 5 76 118 80 84 1 115 119 6 104 73 3 107 115 1 117 73 6 4 109 65 81 
78 121 6 3 6 2 6 
67 98 112 83 85 4 108 116 81 68 78 101 
71 79 103 67 4 100 65 4 77 102 69 117 114 75 106 66 77 5 119 116 103 83 1 2 108 108 79 6 4 89 1 101 81 3 6 6 82 75 68 67 76 3 
88 6 5 2 102 6 72 1 4 2 5 121 66 6 102 89 113 1 6 76 6 108 116 3 105 89 5 3 75 1 113 111 110 5 1 82 6 118 98 2 87 116 115 81 108 
6 3 72 115 6 74 89 115 89 99 3 115 5 113 5 98 65 72 
72 108 2 66 1 104 1 85 2 83 82 68 90 116 120 3 78 5 118 114 5 6 66 73 108 68 78 1 116 2 3 6 103 4 71 107 66 3 118 2 100 98 115 76 120 67 99 74 
3 4 3 1 99 3 6 73 4 121 67 4 102 75 101 73 76 3 4 68 108 99 80 114 85 87 72 
88 80 5 103 2 67 5 75 114 89 4 99 70 3 113 73 6 99 4 1 78 80 5 5 72 97 108 79 3 102 
4 3 3 113 80 85 1 
1 116 3 82 76 110 114 117 101 117 3 99 3 90 104 6 3 2 73 5 5 74 97 86 114 119 117 120 2 104 119 100 104 5 119 116 67 81 72 119 73 86 77 
111 102 109 98 104 1 118 73 4 6 6 118 4 4 1 66 80 105 6 97 67 3 71 80 
6 107 4 77 105 120 78 118 4 4 122 70 116 88 79 6 65 112 70 118 81 6 6 88 1 5 86 86 98 72 100 100 5 114 85 6 97 2 116 
1 4 110 76 78 122 83 
80 77 2 3 74 119 75 117 67 5 67 6 86 4 102 6 5 84 6 80 116 102 1 5 116 108 5 102 101 118 77 80 5 101 110 
5 84 83 120 4 110 97 108 76 6 5 102 112 116 88 2 71 1 
101 6 89 80 3 117 74 109 80 89 78 5 115 89 78 120 98 112 2 97 89 80 3 5 116 
3 84 80 3 76 109 113 99 
4 104 6 117 103 5 81 101 74 1 68 4 6 103 109 84 120 2 108 67 1 76 66 65 107 90 90 4 87 112 99 103 98 97 5 4 2 80 
2 3 5 3 114 4 5 6 3 115 2 74 5 86 74 66 69 6 65 99 104 65 114 120 4 68 110 74 3 
1 4 119 6 70 2 6 71 114 106 5 84 80 75 6 5 6 4 121 4 114 122 4 88 1 3 97 4 78 69 81 77 104 2 67 74 82 2 66 109 74 4 101 67 
3 5 81 81 99 77 4 84 4 81 82 2 111 88 82 78 119 3 69 66 118 1 67 3 76 79 68 6 81 4 3 74 81 117 69 1 85 104 120 70 87 113 99 1 76 
1 78 118 99 111 84 105 115 87 90 99 121 107 101 82 6 4 90 
70 102 3 3 108 4 1 80 115 84 70 117 69 101 5 81 103 114 71 88 114 5 117 1 119 109 103 3 5 102 6 2 3 6 5 90 110 85 5 3 2 
88 116 81 81 116 108 116 86 6 81 102 78 2 75 
98 3 104 103 109 99 83 107 85 97 79 81 4 70 121 6 3 116 
75 4 111 119 65 110 83 4 65 81 4 1 6 110 98 83 103 101 67 6 101 76 103 83 107 69 99 82 1 83 88 5 78 4 103 2 112 65 86 115 109 109 6 4 77 
75 78 80 1 5 117 65 81 89 113 3 98 74 83 100 108 65 65 6 78 115 72 4 104 107 73 1 1 68 84 2 86 99 2 6 104 66 76 114 74 5 112 116 117 4 85 5 116 122 
85 109 97 2 1 6 67 119 103 80 
86 66 73 85 4 6 87 106 86 2 67 70 2 72 
97 1 1 4 68 2 65 3 6 112 74 6 100 70 116 79 102 113 5 85 75 105 105 3 120 75 65 5 107 66 3 
101 107 6 110 2 73 2 78 77 113 100 4 4 1 73 100 88 104 81 118 103 107 5 111 118 4 84 119 66 1 98 105 
4 106 117 103 84 101 109 80 118 2 66 1 67 69 69 5 3 71 4 97 75 105 98 4 86 
2 3 111 66 75 
1 5 69 75 104 71 114 72 74 3 1 2 103 4 66 5 67 102 100 106 117 79 6 
4 117 117 83 116 104 109 4 97 110 70 67 103 118 74 4 115 5 77 85 76 79 6 4 2 71 66 87 5 3 120 107 103 
75 113 116 6 100 101 1 86 5 113 100 122 4 100 6 108 116 1 89 100 69 112 85 4 115 1 106 1 71 114 5 116 66 1 89 1 6 
5 4 6 102 70 
3 6 5 100 1 82 88 5 3 79 6 5 3 5 5 117 68 118 5 74 103 6 6 116 5 81 113 113 122 67 122 116 87 120 6 84 119 112 102 5 117 6 107 84 2 89 3 4 1 
3 3 110 2 101 116 2 4 84 115 88 109 1 70 73 118 97 1 108 6 74 118 75 117 104 98 89 80 1 78 97 107 72 85 89 121 1 100 66 70 121 72 71 121 3 1 79 86 
121 76 1 6 112 72 65 116 114 82 4 
121 105 82 1 6 108 3 74 117 72 90 3 5 5 1 88 6 111 72 87 90 115 86 1 6 87 6 116 109 89 99 6 5 65 2 6 103 101 68 78 102 111 4 
90 108 110 71 3 5 79 85 
85 3 1 76 83 103 114 82 107 115 88 2 2 3 3 111 100 6 71 
3 120 113 3 6 89 111 86 5 102 1 83 3 116 105 111 1 66 88 81 79 75 78 118 66 72 5 98 74 1 98 107 117 5 110 86 4 90 5 
72 85 85 74 89 3 4 78 3 105 97 68 3 74 65 66 114 66 70 80 
90 89 114 1 1 113 5 117 1 5 86 89 5 6 4 112 90 81 76 88 79 82 83 70 122 118 
116 97 3 81 85 72 73 2 97 111 
117 118 66 4 2 101 2 
4 68 3 88 4 119 5 68 75 1 4 5 104 4 5 118 1 115 2 104 6 3 69 88 74 104 84 120 6 
81 90 105 85 111 114 89 4 68 82 117 83 4 81 116 121 
86 5 110 114 119 79 1 2 69 78 72 66 119 69 68 84 4 65 
5 109 77 5 84 68 109 4 119 67 6 100 5 81 78 116 117 3 2 105 120 81 70 83 104 6 83 74 75 5 73 109 5 116 4 1 79 2 
2 6 5 1 70 3 74 84 4 76 6 110 4 102 2 82 2 90 5 72 3 90 103 5 2 6 106 101 2 119 1 83 5 77 66 5 2 98 66 1 2 2 107 4 
99 118 70 4 121 104 106 108 4 103 5 6 76 6 2 102 4 70 68 6 87 4 3 65 72 1 104 2 102 4 74 86 90 102 66 2 101 2 105 71 122 119 
100 89 2 114 5 4 112 116 1 6 89 100 76 121 118 119 3 1 6 103 121 3 119 87 105 5 118 90 76 117 88 98 5 116 112 4 77 109 77 121 97 88 69 119 110 1 1 
99 71 120 68 
4 81 6 99 2 1 98 111 77 113 65 121 80 101 80 2 3 83 111 1 4 84 2 106 89 71 90 90 102 104 89 78 107 104 3 4 2 108 1 6 3 74 5 122 5 107 6 
1 112 1 5 120 109 1 106 115 118 68 112 77 77 2 122 
111 3 110 112 104 1 79 2 71 
1 83 107 112 102 80 73 75 121 99 4 2 5 103 6 4 66 5 116 4 89 1 6 103 4 5 102 114 65 1 6 5 6 70 5 6 113 1 
2 2 1 4 76 87 78 1 65 106 104 114 65 6 119 88 90 2 90 101 77 75 101 3 102 110 115 76 5 
71 5 66 89 69 110 120 1 5 76 67 81 1 102 1 80 111 2 2 120 105 110 81 69 76 103 76 4 5 105 5 70 2 1 110 6 
4 72 84 71 76 69 3 111 1 3 5 3 74 69 112 1 119 3 109 4 104 104 5 112 83 111 2 1 73 76 78 122 101 1 75 5 118 76 
100 2 119 3 4 6 67 97 118 87 118 5 117 6 117 119 3 112 114 109 122 3 4 85 89 3 2 86 119 81 105 76 2 
77 76 115 4 120 2 5 98 5 2 106 108 4 69 102 2 78 70 90 3 100 113 104 122 89 81 99 78 69 1 6 
5 89 84 2 75 119 6 74 99 112 2 5 120 4 73 78 112 
3 71 1 90 117 4 98 75 1 84 85 110 4 97 119 105 70 80 120 73 101 100 107 1 117 112 81 81 4 100 5 73 90 87 107 110 3 4 
103 5 77 2 76 97 90 3 82 109 87 85 4 69 5 87 114 88 74 97 68 81 109 105 111 2 110 122 67 114 116 102 117 72 108 104 5 86 4 
108 1 2 4 76 4 74 5 122 78 113 115 117 66 3 103 106 3 
122 117 2 6 116 75 6 75 106 109 73 105 2 89 86 6 122 
5 85 4 80 87 84 73 117 6 115 1 110 116 4 6 5 3 112 97 67 66 1 70 122 3 75 100 98 90 104 114 5 116 
106 2 2 102 85 88 4 87 4 65 120 4 5 3 4 90 79 1 114 104 3 69 77 105 3 85 65 110 97 109 116 99 106 105 86 113 88 75 
83 120 4 5 65 115 117 5 2 75 105 111 6 75 79 117 2 119 70 117 84 87 6 104 3 103 70 122 3 99 102 4 107 113 6 112 81 105 6 110 5 
69 120 112 88 110 4 76 70 116 2 75 4 101 84 6 89 6 3 97 112 120 114 99 97 88 69 82 66 76 4 5 71 1 116 1 110 115 107 104 4 87 81 
115 110 100 120 113 6 2 76 66 90 4 2 73 103 85 2 4 104 104 113 3 1 77 109 2 70 2 99 114 88 97 72 102 99 70 
6 6 3 6 2 75 3 1 2 5 102 1 112 113 120 71 118 66 85 5 4 79 102 89 5 5 3 3 90 1 86 103 
4 113 4 3 121 4 75 83 6 84 99 5 118 101 72 74 80 75 120 71 118 109 80 76 103 115 88 111 83 70 85 97 2 122 115 2 117 111 114 1 116 85 
73 2 5 3 85 1 98 97 113 97 
67 120 72 97 89 78 122 87 101 74 121 113 101 1 90